1 -0.0503941 -0.0154332
2 -0.0503941 -0.0154332
3 -0.0500519 -0.0153979
4 -0.0433361 -0.0134414
5 -0.0429873 -0.0133367
6 -0.0429873 -0.0134442
7 -0.0429873 -0.0134442
8 -0.0429873 -0.0134442
9 -0.0428221 -0.0133946
10 -0.00489081 0.00108965
11 0.00954783 0.00465747
12 0.0125012 0.00361853
13 0.0194375 0.00641647
14 -0.000350493 -0.000699113
15 -0.0351555 -0.0171019
16 -0.0734742 -0.0293306
17 -0.0976748 -0.0300766
18 -0.125342 -0.0433591
19 -0.124548 -0.0385945
20 -0.101051 -0.0316805
21 -0.0824674 -0.0231757
22 -0.0753808 -0.0232015
23 -0.0650814 -0.0213164
24 -0.046631 -0.0127843
25 -0.0226945 -0.00475743
26 0.00767664 0.000284717
27 0.0390981 0.0151113
28 0.0643811 0.021782
29 0.0841462 0.0234134
30 0.102073 0.0320718
31 0.109155 0.0326169
32 0.109805 0.0316079
33 0.105545 0.0298747
34 0.0967361 0.0267118
35 0.0860271 0.0249965
36 0.0807813 0.0227395
37 0.0915908 0.0289272
38 0.107189 0.0317691
39 0.120386 0.038256
40 0.119187 0.0357488
41 0.108071 0.0326175
42 0.0956259 0.0270231
43 0.090291 0.0268637
44 0.0818349 0.0252338
45 0.0711927 0.0204232
46 0.0571276 0.0157822
47 0.0400465 0.0130489
48 0.021681 0.00449433
49 0.00580194 0.00157173
50 -0.00733307 -0.00325392
51 -0.012446 -0.00255483
52 -0.0196709 -0.00599068
53 -0.0263393 -0.00676297
54 -0.0301776 -0.00863765
55 -0.0336564 -0.00902875
56 -0.0361288 -0.00977046
57 -0.0383281 -0.0108972
58 -0.0376238 -0.010312
59 -0.0373069 -0.010217
60 -0.0361407 -0.00986712
61 -0.0350459 -0.00944154
62 -0.0469268 -0.0144067
63 -0.0582233 -0.0188377
64 -0.0629525 -0.018336
65 -0.0649468 -0.0194332
66 -0.062928 -0.0183052
67 -0.058973 -0.0174619
68 -0.0531875 -0.0148829
69 -0.0463209 -0.0127635
70 -0.0401812 -0.0120889
71 -0.0330023 -0.00880631
72 -0.0268881 -0.00722795
73 -0.0207921 -0.00643854
74 -0.0147986 -0.00366609
75 -0.00136476 0.00160873
76 0.0197627 0.0056632
77 0.0441507 0.0172054
78 0.0549364 0.0182526
79 0.0568098 0.0174393
80 0.0505926 0.0152556
81 0.0244768 0.00307502
82 -0.0118122 -0.0095253
83 -0.0475466 -0.0140765
84 -0.083123 -0.0309607
85 -0.0970611 -0.0316889
86 -0.0943773 -0.0282973
87 -0.0781643 -0.0238897
88 -0.0527754 -0.0121205
89 -0.0255958 -0.00376022
90 0.000824791 -0.000454564
91 0.0283706 0.0125285
92 0.0472619 0.0168191
93 0.0563502 0.0163341
94 0.0605091 0.0184348
95 0.0563701 0.0159286
96 0.0449051 0.0131927
97 0.0325142 0.0074658
98 0.0212934 0.00436573
99 0.00865161 0.00248072
100 -0.00055448 -0.00183602
101 -0.00802478 -0.00379275
102 -0.0113367 -0.00351636
103 -0.0128538 -0.00425966
104 -0.0123717 -0.0038067
105 -0.0109365 -0.00345809
106 -0.0102979 -0.00318447
107 -0.0103221 -0.0033302
108 -0.0112267 -0.00359745
109 -0.0123127 -0.00413733
110 -0.0131912 -0.00439747
111 -0.0106291 -0.00307368
112 -0.00580983 -0.00126476
113 -0.00396558 -0.00122945
114 -0.0022519 -0.00102887
115 -0.00226341 -0.00103232
116 -0.00235617 -0.00108169
117 -0.00225475 -0.0010355
118 -0.00185538 -0.000915687
119 0.00555612 0.00257234
120 0.0337355 0.0097662
121 0.0602492 0.0177203
122 0.107948 0.0403488
123 0.695482 0.309385
124 0.91393 0.314187
125 1.02807 0.333125
126 1.06864 0.325892
127 1.06943 0.328933
128 1.01501 0.305832
129 0.878609 0.27416
130 0.695715 0.190168
131 0.416569 0.0914514
132 0.209157 0.0766828
133 0.0143611 -0.0145918
134 -0.131811 -0.0503243
135 -0.247516 -0.0601864
136 -0.346154 -0.107288
137 -0.386528 -0.110412
138 -0.376733 -0.10061
139 -0.341081 -0.0847501
140 -0.281014 -0.0633572
141 -0.211787 -0.0528006
142 -0.128981 -0.0143077
143 -0.0764303 -0.0039427
144 -0.0305011 0.000902461
145 0.00400283 0.0170862
146 0.0232406 0.0202963
