1 -0.0102089 -0.00306268
2 -0.0294766 -0.00884297
3 -0.035115 -0.0105345
4 -0.0283992 -0.00745746
5 -0.0280504 -0.0084945
6 -0.0280504 -0.0084945
7 -0.0280504 -0.0084945
8 -0.0280504 -0.0084945
9 -0.0280504 -0.00856463
10 -0.0280504 -0.00856463
11 -0.0278852 -0.00851507
12 -0.0338005 -0.0109467
13 -0.0400277 -0.0123121
14 -0.0352996 -0.0108936
15 -0.0291191 -0.00806932
16 -0.0274971 -0.00863338
17 0.051094 0.0283339
18 0.152009 0.0452478
19 0.168277 0.0532945
20 0.133449 0.0400804
21 0.0691649 0.01012
22 -0.000577009 0.000125762
23 0.0461929 0.0221647
24 0.0348876 0.0108222
25 -0.00800414 -0.00930336
26 -0.0669046 -0.0221527
27 -0.124502 -0.0374294
28 -0.173968 -0.052269
29 -0.20521 -0.0674269
30 -0.222941 -0.0674349
31 -0.226683 -0.0697555
32 -0.21768 -0.0664188
33 -0.202268 -0.0596998
34 -0.182415 -0.056364
35 -0.160874 -0.0466692
36 -0.139673 -0.0439707
37 -0.123498 -0.0391182
38 -0.183518 -0.0677114
39 -0.284528 -0.087811
40 -0.30465 -0.0980046
41 -0.269445 -0.0840225
42 -0.207729 -0.0556124
43 -0.131842 -0.043338
44 -0.178073 -0.065454
45 -0.167556 -0.0544397
46 -0.122103 -0.0408038
47 -0.0618897 -0.0127334
48 -0.00931458 -0.00719721
49 0.0418277 0.0168803
50 0.0878026 0.0219786
51 0.044463 0.00177433
52 0.134806 0.0362449
53 0.198819 0.066748
54 0.249041 0.0709326
55 0.276832 0.0792698
56 0.275289 0.0792347
57 0.273873 0.0790722
58 0.27264 0.0787024
59 0.271802 0.0784508
60 0.27185 0.0784654
61 0.271884 0.0784754
62 0.271908 0.0791667
63 0.271929 0.0791688
64 0.271998 0.0791895
65 0.273562 0.0796588
66 0.292329 0.0891864
67 0.221693 0.0534396
68 0.154666 0.0453396
69 0.109188 0.0242948
70 0.0842979 0.0245591
71 0.0742491 0.0200344
72 0.075842 0.0222206
73 0.0856069 0.02515
74 0.0977706 0.0310962
75 0.110663 0.0328961
76 0.119183 0.0371879
77 0.123708 0.0370968
78 0.125281 0.0381476
79 0.0414379 0.0127271
80 0.033991 0.010493
81 0.00167234 -0.00465218
82 -0.00362676 -0.000747732
83 0.00988837 0.00561221
84 0.039197 0.0121072
85 0.142321 0.0608024
86 0.205602 0.0622556
87 0.229555 0.0740576
88 0.225055 0.0686354
89 0.147582 0.0453935
90 0.152139 0.04791
91 0.144191 0.0447509
92 0.131223 0.0390004
93 0.113961 0.0360262
94 0.0976184 0.0286096
95 0.104838 0.0335539
96 0.0791248 0.0216985
97 0.0627182 0.0211478
98 0.0524979 0.0180817
99 0.0480304 0.0161076
100 0.0478355 0.0168086
101 0.0499664 0.0179324
102 0.0533624 0.018589
103 0.0568611 0.0196385
104 0.059657 0.0211787
105 0.0616913 0.0216702
106 0.0624435 0.0221789
107 0.0613265 0.0217159
108 0.0581528 0.0203736
109 0.0590437 0.0211804
110 0.0581013 0.0208977
111 0.0572199 0.0206276
112 0.0607008 0.0218217
113 0.0622798 0.0227176
114 0.0585687 0.020856
115 0.059656 0.0218131
116 0.059043 0.0216734
117 0.0588595 0.0217225
118 0.0551472 0.0206088
119 0.0550001 0.0206774
120 0.0548789 0.020666
121 0.0547919 0.0206399
122 0.054723 0.0206192
123 0.0547108 0.0206156
124 0.0546945 0.0207447
125 0.0546842 0.0207443
126 0.0546869 0.0207452
127 0.0547057 0.0207508
128 0.0546921 0.0207467
129 0.0104296 2.47339e-05
130 0.0104296 0.00754936
131 0.0104245 0.00754783
132 -0.119599 -0.0536994
133 -0.119599 -0.0315955
134 -0.119602 -0.0315966
135 -0.360083 -0.103741
136 -0.360083 -0.103741
137 -0.360086 -0.103742
138 -0.377003 -0.108817
139 -0.377003 -0.108817
140 -0.377006 -0.108818
141 -0.376467 -0.108656
142 -0.376469 -0.108657
143 -0.376469 -0.108657
144 -0.43712 -0.126852
145 -0.695934 -0.249911
146 -1.01423 -0.3014
147 -0.424465 -0.0260106
148 -0.890813 -0.266175
149 -0.98019 -0.31052
150 -0.98019 -0.295326
151 -0.980191 -0.295327
152 -0.996274 -0.300152
153 -0.996275 -0.300152
154 -0.996275 -0.300152
155 -0.995285 -0.299855
156 -0.995285 -0.299855
157 -0.995834 -0.300019
158 -0.995834 -0.30002
159 -0.995834 -0.30002
160 -1.04864 -0.315861
161 -1.04864 -0.315861
162 -1.04864 -0.315863
163 -1.04864 -0.315863
164 -1.04865 -0.315863
165 -1.0476 -0.315551
166 -1.0476 -0.315551
167 -1.04658 -0.315243
168 -1.04658 -0.315243
169 -1.04658 -0.315244
170 -1.14021 -0.343333
171 -1.14021 -0.343333
172 -1.13911 -0.343002
173 -1.13911 -0.343002
174 -1.13911 -0.343002
175 -1.13811 -0.342702
176 -1.13811 -0.342702
177 -1.25654 -0.378233
178 -1.25654 -0.378233
179 -1.25654 -0.378233
180 -1.25538 -0.377884
181 -1.25538 -0.377884
182 -1.25538 -0.377884
183 -1.25432 -0.377565
184 -1.25432 -0.377565
185 -0.408575 -0.123842
186 -0.408575 -0.123842
187 -0.408575 -0.123842
188 -0.408037 -0.123681
189 -0.408037 -0.12368
190 -0.407575 -0.123542
191 -0.407575 -0.123542
192 -0.407575 -0.123542
193 -0.407221 -0.123436
194 -0.407221 -0.123436
195 -0.467815 -0.141614
196 -0.467815 -0.141614
197 -0.467817 -0.141615
198 -0.467814 -0.141614
199 -0.467817 -0.141614
200 -0.46728 -0.141454
201 -0.46728 -0.141454
202 -0.467282 -0.141454
203 -0.46668 -0.141273
204 -0.466681 -0.141274
205 -0.574216 -0.173534
206 -0.574216 -0.173534
207 -0.574217 -0.173535
208 -0.573579 -0.173343
209 -0.573579 -0.173343
210 -0.57358 -0.173343
211 -0.57289 -0.173136
212 -0.572891 -0.173137
213 -0.71135 -0.214674
214 -0.71135 -0.214674
215 -0.711351 -0.216453
216 -0.710574 -0.21622
217 -0.710574 -0.21622
218 -0.7097 -0.215958
219 -0.7097 -0.215958
220 -0.709702 -0.215958
221 -0.885889 -0.268814
222 -0.88589 -0.268815
223 -0.884956 -0.268535
224 -0.884956 -0.268535
225 -0.884957 -0.268535
226 -0.884069 -0.268269
227 -0.884069 -0.268269
228 -0.88407 -0.268269
229 -0.977945 -0.296431
230 -0.977946 -0.296432
231 -0.976966 -0.296138
232 -0.976966 -0.296138
233 -0.976967 -0.296138
234 -0.975981 -0.295842
235 -0.975982 -0.295842
236 -0.975982 -0.295842
237 -0.974796 -0.295487
238 -0.974797 -0.295487
239 -1.13815 -0.344494
240 -1.13815 -0.344494
241 -1.13815 -0.344494
242 -1.13706 -0.344165
243 -1.13706 -0.344165
244 -1.13599 -0.343845
245 -1.13599 -0.343845
246 -1.13599 -0.343846
247 -1.34086 -0.405304
248 -1.34086 -0.405305
249 -1.34086 -0.405305
250 -1.33974 -0.404969
251 -1.33974 -0.40497
252 -1.33874 -0.404671
253 -1.33874 -0.404671
254 -1.33875 -0.404672
255 1.79188 0.534518
256 1.60963 0.453109
257 0.983924 0.296381
258 1.01302 0.312554
259 1.47225 0.445375
260 1.53147 0.476965
261 1.57523 0.480024
262 1.20973 0.311718
263 1.54118 0.47329
264 1.64269 0.503743
265 1.68186 0.526309
266 1.68766 0.52139
267 1.62275 0.495021
268 1.60883 0.501877
269 1.58545 0.494866
270 1.5526 0.483347
271 1.58035 0.497258
272 1.52427 0.47478
273 1.47163 0.468521
274 1.43199 0.453523
275 1.40278 0.451496
276 1.38644 0.446594
277 1.40248 0.457621
278 1.37983 0.448097
279 1.36219 0.443236
280 1.35173 0.443096
281 1.35021 0.445757
282 1.33365 0.441048
283 1.32621 0.438818
284 1.31753 0.438043
285 1.30979 0.437196
286 1.30027 0.435984
287 1.28405 0.432737
288 1.27607 0.432183
289 1.26787 0.431082
290 1.25582 0.427467
291 1.24442 0.425234
292 1.23016 0.422894
293 1.21933 0.420868
294 1.20794 0.419291
295 1.19695 0.415994
296 1.18565 0.424036
297 1.17296 0.420711
298 1.16226 0.418598
299 1.15089 0.417006
300 1.14045 0.414968
301 1.12953 0.413463
302 1.11715 0.409749
303 1.10783 0.408152
304 1.09694 0.406469
305 1.09001 0.405943
306 1.07569 0.402827
307 1.0659 0.400901
308 1.05626 0.399673
309 1.04664 0.396789
310 1.03634 0.394552
311 1.02616 0.393249
312 1.01723 0.391606
313 1.00811 0.390386
314 0.998049 0.388167
315 0.991165 0.387812
316 0.980389 0.384579
317 0.971576 0.382877
318 0.962848 0.381757
319 0.953254 0.379643
320 0.944884 0.378762
321 0.93654 0.377192
322 0.928267 0.376129
323 0.918814 0.373293
324 0.910743 0.371787
325 0.903196 0.370895
326 0.895412 0.369485
327 0.887562 0.368453
328 0.879335 0.366795
329 0.871892 0.36596
330 0.864075 0.363615
331 0.856724 0.362311
332 0.848766 0.361174
333 0.84179 0.360008
334 0.835201 0.359217
335 0.828306 0.358056
336 0.820915 0.357011
337 0.813297 0.354726
338 0.807067 0.353823
339 0.800076 0.352785
340 0.793465 0.351669
341 0.786308 0.350646
342 0.779646 0.349472
343 0.773408 0.348734
344 0.766974 0.347635
345 0.759849 0.346592
346 0.754244 0.34491
347 0.744306 0.342112
348 0.735786 0.341246
349 0.731266 0.340955
350 0.731282 0.341728
351 0.737017 0.346259
352 0.745892 0.347947
353 0.759639 0.352071
354 0.773562 0.360531
355 0.790031 0.363105
356 0.805148 0.372204
357 0.821508 0.374542
358 0.835386 0.383136
359 0.850162 0.385209
360 0.862841 0.389013
361 0.875872 0.397311
362 0.887463 0.398573
363 0.899952 0.406677
364 0.911017 0.407873
365 0.923441 0.416006
366 0.934283 0.417146
367 0.947143 0.421004
368 0.95811 0.42854
369 0.970539 0.430405
370 0.981911 0.43819
371 0.994429 0.448133
372 1.00609 0.455403
373 1.01867 0.457196
374 1.02634 0.459496
375 1.03476 0.466032
376 1.04875 0.468797
377 1.06783 0.48041
378 1.09348 0.48486
379 1.12518 0.502537
380 1.1628 0.508431
381 1.20103 0.529353
382 1.2417 0.535057
383 1.27953 0.546405
384 1.31928 0.568337
385 1.35823 0.573263
386 1.39613 0.594517
387 1.43476 0.599666
388 1.47045 0.6
389 1.47553 0.6
390 1.50822 0.6
391 1.54328 0.6
392 1.5781 0.6
393 1.61311 0.6
394 1.6487 0.6
395 1.68611 0.6
396 1.72183 0.6
397 1.75576 0.6
398 1.79217 0.6
399 1.83561 0.6
400 1.87951 0.6
401 1.91151 0.6
402 1.93598 0.6
403 1.94691 0.6
404 1.94841 0.6
405 1.94277 0.6
406 1.92719 0.6
407 1.91555 0.6
408 1.90042 0.6
409 1.88567 0.6
410 1.8722 0.6
411 1.86076 0.6
412 1.85101 0.6
413 1.84316 0.6
414 1.83543 0.6
415 1.82878 0.6
416 1.82354 0.6
417 1.82069 0.6
418 1.81788 0.6
419 1.81589 0.6
420 1.81406 0.6
421 1.81229 0.6
422 1.81089 0.6
423 1.80889 0.6
424 1.8089 0.6
425 1.8082 0.6
426 1.80819 0.6
427 1.80819 0.6
428 1.80819 0.6
429 1.80819 0.6
430 1.80819 0.6
431 1.80002 0.6
432 1.79172 0.6
433 1.78328 0.6
434 1.77527 0.6
435 1.76841 0.6
436 1.77839 0.6
437 1.8182 0.6
438 1.90558 0.6
439 2.00072 0.6
440 2.0788 0.6
441 2.11497 0.6
442 2.11283 0.6
443 2.05598 0.6
444 1.96879 0.6
445 1.8649 0.6
446 1.76661 0.6
447 1.6859 0.6
448 1.62632 0.6
449 1.58758 0.6
450 1.56716 0.6
451 1.55935 0.6
452 1.56018 0.6
453 1.56538 0.6
454 1.53608 0.6
455 1.55451 0.6
456 1.56927 0.6
457 1.57708 0.6
458 1.57905 0.6
459 1.57545 0.6
460 1.57571 0.6
461 1.57264 0.6
462 1.57528 0.6
463 1.56465 0.6
464 1.55007 0.6
465 1.54349 0.6
466 1.52802 0.6
467 1.52134 0.6
468 1.50676 0.6
469 1.49499 0.6
470 1.48603 0.6
471 1.47775 0.6
472 1.47064 0.6
473 1.46648 0.6
474 1.46079 0.6
475 1.45306 0.6
476 1.45568 0.6
477 1.45557 0.6
478 1.45499 0.6
479 1.45627 0.6
480 1.45504 0.6
481 1.45388 0.6
482 1.45297 0.6
483 1.45227 0.6
484 1.45227 0.6
485 1.45227 0.6
486 1.45227 0.6
487 1.45224 0.6
488 1.45201 0.6
489 1.44096 0.6
490 1.43093 0.6
491 1.42136 0.6
492 1.41149 0.6
493 1.40331 0.6
494 1.39675 0.6
495 1.38785 0.6
496 1.37901 0.6
497 1.37204 0.6
498 1.36379 0.6
499 1.35617 0.6
500 1.35003 0.6
501 1.33997 0.6
502 1.33216 0.6
503 1.32473 0.6
504 1.31827 0.6
505 1.30874 0.6
506 1.3009 0.6
507 1.29371 0.6
508 1.28625 0.6
509 1.27761 0.6
510 1.27319 0.6
511 1.26312 0.6
512 1.25567 0.6
513 1.24846 0.6
514 1.24249 0.6
515 1.23442 0.6
516 1.22583 0.6
517 1.21878 0.6
518 1.21256 0.6
519 1.2048 0.6
520 1.19757 0.6
521 1.19034 0.6
522 1.18146 0.6
523 1.17579 0.6
524 1.16889 0.6
525 1.1621 0.6
526 1.15528 0.6
527 1.14795 0.6
528 1.14131 0.6
529 1.1348 0.6
530 1.12982 0.6
531 1.12621 0.6
532 1.12334 0.6
533 1.12074 0.6
534 1.11817 0.6
535 1.11676 0.6
536 1.11574 0.6
537 1.11478 0.6
538 1.11404 0.6
539 1.11347 0.6
540 1.11347 0.6
541 1.11346 0.6
542 1.11346 0.6
543 1.11345 0.6
544 1.11344 0.6
545 1.11325 0.6
546 1.10594 0.6
547 1.09985 0.6
548 1.09335 0.6
549 1.08616 0.6
550 1.07974 0.6
551 1.07346 0.6
552 1.06719 0.6
553 1.06059 0.6
554 1.05431 0.6
555 1.04817 0.6
556 1.04211 0.6
557 1.03706 0.6
558 1.02968 0.6
559 1.02369 0.6
560 1.01778 0.6
561 1.01271 0.6
562 1.0058 0.6
563 0.999991 0.6
564 0.994158 0.6
565 0.989195 0.6
566 0.982876 0.6
567 0.978157 0.6
568 0.971264 0.6
569 0.966368 0.6
570 0.960827 0.6
571 0.954529 0.6
572 0.949129 0.6
573 0.944203 0.6
574 0.939018 0.6
575 0.933036 0.6
576 0.927962 0.6
577 0.922679 0.6
578 0.917731 0.6
579 0.910491 0.6
580 0.906748 0.6
581 0.901742 0.6
582 0.896413 0.6
583 0.890613 0.6
584 0.877471 0.6
585 0.869828 0.6
586 0.874756 0.6
587 0.862758 0.6
588 0.895917 0.6
589 0.921241 0.6
590 0.852822 0.6
591 0.887903 0.6
592 0.91477 0.6
593 1.12383 0.6
594 1.13395 0.6
595 0.988793 0.6
596 1.08216 0.6
597 1.27699 0.6
598 1.33618 0.6
599 1.30672 0.6
600 1.43818 0.6
601 1.33121 0.6
602 1.65827 0.6
603 1.68945 0.6
604 1.2927 0.6
605 1.2927 0.6
606 1.29249 0.6
607 1.29249 0.6
608 1.29249 0.6
609 1.29251 0.6
610 1.28484 0.6
611 1.65353 0.6
612 2.08386 0.6
613 2.1345 0.6
614 1.65736 0.6
615 2.08098 0.6
616 2.51183 0.6
617 2.55682 0.6
618 2.10417 0.6
619 2.57866 0.6
620 2.8071 0.6
621 2.77439 0.6
622 2.4556 0.6
623 2.71285 0.6
624 2.78164 0.6
625 2.44479 0.6
626 2.42385 0.6
627 2.7592 0.6
628 2.51358 0.6
629 2.404 0.6
630 2.72957 0.6
631 2.29479 0.6
632 2.37231 0.6
633 1.87232 0.6
634 2.22892 0.6
635 1.85561 0.6
636 1.81224 0.6
637 1.81224 0.6
638 1.84585 0.6
639 1.84585 0.6
640 1.84585 0.6
641 1.75557 0.6
642 1.41358 0.6
643 1.82037 0.6
644 1.82037 0.6
645 1.69585 0.6
646 1.57922 0.6
647 1.57922 0.6
648 1.05818 0.6
649 0.998779 0.6
650 0.998779 0.6
651 0.712825 0.6
652 1.18142 0.6
653 1.18142 0.6
654 1.18142 0.6
655 0.826306 0.6
656 0.826306 0.6
657 0.826306 0.6
658 0.826186 0.6
659 0.826186 0.6
660 0.826078 0.6
661 0.826077 0.6
662 0.825894 0.6
663 0.825894 0.6
664 0.825893 0.6
665 0.825823 0.6
666 0.825823 0.6
667 0.825601 0.6
668 0.825601 0.6
669 0.825601 0.6
670 0.451924 0.6
671 0.608024 0.6
672 0.669096 0.6
673 0.41006 0.6
674 -0.353547 0.493936
675 -0.0255345 0.6
676 -0.0356828 0.588821
677 -0.374295 0.487238
678 -0.374295 0.487238
679 -0.374295 0.487238
680 -0.68639 0.393609
681 -0.68639 0.393609
682 -0.68639 0.393609
683 -0.68639 0.393609
684 -0.686391 0.393609
685 -0.686389 0.39361
686 -0.686389 0.39361
687 -0.68639 0.393609
688 -0.68639 0.393609
689 -0.686391 0.393609
690 -0.686391 0.393609
691 -0.686372 0.393615
692 -0.686372 0.393614
693 -0.686372 0.393614
694 -0.686373 0.393614
695 -0.686373 0.393614
696 -0.686348 0.393622
697 -0.686348 0.393622
698 -0.686348 0.393622
699 -0.686348 0.393622
700 -0.686346 0.393622
701 -0.686346 0.393622
702 -0.686346 0.393622
703 -0.686343 0.393623
704 -0.686342 0.393623
705 -0.686337 0.393625
706 -0.686337 0.393625
707 -0.686337 0.393625
708 -0.679097 0.395797
709 -0.679099 0.395797
710 -0.679099 0.395797
711 -0.679097 0.3941
712 -0.679099 0.394099
713 -0.679097 0.394099
714 -0.679099 0.394099
715 -0.679097 0.394099
716 -0.679099 0.392401
717 -0.679098 0.392401
718 -0.679097 0.392401
719 -0.679097 0.392401
720 -0.679097 0.392401
721 -0.679097 0.392401
722 -0.679097 0.392401
723 -0.679097 0.392401
724 -0.679097 0.392401
725 -0.679097 0.392401
726 -0.679098 0.392401
727 -0.679098 0.392401
728 -0.679098 0.392401
729 -0.679098 0.392401
730 -0.679098 0.392401
731 -0.679098 0.392401
732 -0.679099 0.392401
733 -0.679099 0.392401
734 -0.679099 0.392401
735 -0.679099 0.392401
736 -0.679099 0.392401
737 -0.6791 0.392401
738 -0.6791 0.392401
739 -0.679099 0.392401
740 -0.679099 0.392401
741 -0.679099 0.392401
742 -0.679098 0.392401
743 -0.679098 0.392401
744 -0.679097 0.392401
745 -0.679097 0.392401
746 -0.679097 0.392401
747 -0.679097 0.392401
748 -0.679097 0.392401
749 -0.679097 0.392401
750 -0.679097 0.392401
751 -0.679097 0.392401
752 -0.679098 0.392401
753 -0.679098 0.392401
754 -0.679098 0.392401
755 -0.679098 0.392401
756 -0.679098 0.392401
757 -0.679099 0.392401
758 -0.679099 0.392401
759 -0.679099 0.392401
760 -0.679099 0.392401
761 -0.679099 0.392401
762 -0.679099 0.392401
763 -0.679099 0.392401
764 -0.679099 0.392401
765 -0.679099 0.392401
766 -0.679099 0.392401
767 -0.679098 0.392401
768 -0.679098 0.390703
769 -0.679097 0.390704
770 -0.679097 0.390704
771 -0.679097 0.390704
772 -0.679097 0.390704
773 -0.679097 0.390704
774 -0.679098 0.390704
775 -0.679098 0.390704
776 -0.679098 0.390704
777 -0.679098 0.390704
778 -0.679098 0.390704
779 -0.679098 0.390703
780 -0.679098 0.390703
781 -0.679098 0.390703
782 -0.679098 0.390703
783 -0.679098 0.390703
784 -0.679099 0.390703
785 -0.679099 0.390703
786 -0.679099 0.390703
787 -0.679099 0.390703
788 -0.679099 0.390703
789 -0.679098 0.390703
790 -0.679098 0.390703
791 -0.679098 0.390703
792 -0.679098 0.390704
793 -0.679098 0.390704
794 -0.679098 0.390704
795 -0.679097 0.390704
796 -0.679097 0.390704
797 -0.679097 0.390704
798 -0.679098 0.390704
799 -0.679098 0.390704
800 -0.679098 0.390704
801 -0.679098 0.390703
802 -0.679098 0.390703
803 -0.679098 0.390703
804 -0.679098 0.390703
805 -0.679098 0.390703
806 -0.679099 0.390703
807 -0.679099 0.390703
808 -0.679099 0.390703
809 -0.679099 0.390703
810 -0.679099 0.390703
811 -0.679098 0.390703
812 -0.679098 0.390703
813 -0.679098 0.390703
814 -0.679097 0.390704
815 -0.679097 0.390704
816 -0.679097 0.390704
817 -0.679097 0.390704
818 -0.679097 0.390704
819 -0.679096 0.390704
820 -0.679096 0.390704
821 -0.679097 0.390704
822 -0.679097 0.390704
823 -0.679097 0.390704
824 -0.679097 0.390704
825 -0.679097 0.390704
826 -0.679098 0.390704
827 -0.679098 0.390704
828 -0.679098 0.390704
829 -0.679098 0.390703
830 -0.679098 0.390703
831 -0.679099 0.390703
832 -0.679099 0.390703
833 -0.679099 0.390703
834 -0.679099 0.390703
835 -0.679099 0.390703
836 -0.679099 0.389005
837 -0.679099 0.389005
838 -0.679099 0.389005
839 -0.679099 0.389006
840 -0.679099 0.389006
841 -0.679099 0.389006
842 -0.679098 0.389006
843 -0.679098 0.389006
844 -0.679098 0.389006
845 -0.679097 0.389006
846 -0.679097 0.389006
847 -0.679097 0.389006
848 -0.679097 0.389006
849 -0.679097 0.389006
850 -0.679097 0.389006
851 -0.679097 0.389006
852 -0.679098 0.389006
853 -0.679098 0.389006
854 -0.679098 0.389006
855 -0.679098 0.389006
856 -0.679098 0.389006
857 -0.679099 0.389006
858 -0.679099 0.389006
859 -0.679099 0.389006
860 -0.679099 0.389005
861 -0.679099 0.389005
862 -0.679099 0.389005
863 -0.679099 0.389005
864 -0.679099 0.389005
865 -0.679099 0.389005
866 -0.6791 0.389005
867 -0.6791 0.389005
868 -0.6791 0.389005
869 -0.6791 0.389005
870 -0.6791 0.389005
871 -0.679099 0.389005
872 -0.679099 0.389005
873 -0.679098 0.389006
874 -0.679098 0.389006
875 -0.679098 0.389006
876 -0.679098 0.389006
877 -0.679098 0.389006
878 -0.679098 0.389006
879 -0.679098 0.389006
880 -0.679098 0.389006
881 -0.679098 0.389006
882 -0.679098 0.389006
883 -0.679098 0.389006
884 -0.679099 0.389006
885 -0.679099 0.389006
886 -0.679099 0.389005
887 -0.679099 0.389005
888 -0.679099 0.389005
889 -0.679099 0.389005
890 -0.679099 0.389005
891 -0.679099 0.389005
892 -0.6791 0.389005
893 -0.6791 0.389005
894 -0.6791 0.389005
895 -0.6791 0.389005
896 -0.6791 0.389005
897 -0.6791 0.389005
898 -0.6791 0.389005
899 -0.6791 0.389005
900 -0.679099 0.389006
901 -0.679099 0.389006
902 -0.679098 0.389006
903 -0.679098 0.389006
904 -0.679098 0.387308
905 -0.679098 0.387308
906 -0.679098 0.387308
907 -0.679098 0.387308
908 -0.679098 0.387308
909 -0.679098 0.387308
910 -0.679099 0.387308
911 -0.679099 0.387308
912 -0.679099 0.387308
913 -0.679099 0.387308
914 -0.679099 0.387308
915 -0.679099 0.387308
916 -0.679099 0.387308
917 -0.679099 0.387308
918 -0.6791 0.387308
919 -0.6791 0.387308
920 -0.6791 0.387308
921 -0.679099 0.387308
922 -0.679099 0.387308
923 -0.679099 0.387308
924 -0.679099 0.387308
925 -0.679099 0.387308
926 -0.679098 0.387308
927 -0.679098 0.387308
928 -0.679098 0.387308
929 -0.679098 0.387308
930 -0.679098 0.387308
931 -0.679098 0.387308
932 -0.679098 0.387308
933 -0.679098 0.387308
934 -0.679099 0.387308
935 -0.679099 0.387308
936 -0.679099 0.387308
937 -0.679099 0.387308
938 -0.679099 0.387308
939 -0.679099 0.387308
940 -0.679099 0.387308
941 -0.679099 0.387308
942 -0.679099 0.387308
943 -0.679099 0.387308
944 -0.679098 0.387308
945 -0.679098 0.387308
946 -0.679098 0.387308
947 -0.679097 0.387308
948 -0.679097 0.387308
949 -0.679097 0.387308
950 -0.679097 0.387308
951 -0.679097 0.387308
952 -0.679097 0.387308
953 -0.679097 0.387308
954 -0.679098 0.387308
955 -0.679098 0.387308
956 -0.679098 0.387308
957 -0.679098 0.387308
958 -0.679098 0.387308
959 -0.679098 0.387308
960 -0.679098 0.387308
961 -0.679098 0.387308
962 -0.679099 0.387308
963 -0.679099 0.387308
964 -0.679099 0.387308
965 -0.679099 0.387308
966 -0.679099 0.387308
967 -0.679099 0.387308
968 -0.679099 0.387308
969 -0.679099 0.387308
970 -0.679098 0.38561
971 -0.679098 0.38561
972 -0.679097 0.385611
973 -0.679097 0.385611
974 -0.679097 0.385611
975 -0.679097 0.385611
976 -0.679097 0.385611
977 -0.679097 0.385611
978 -0.679097 0.385611
979 -0.679097 0.385611
980 -0.679097 0.385611
981 -0.679097 0.385611
982 -0.679098 0.38561
983 -0.679098 0.38561
984 -0.679098 0.38561
985 -0.679098 0.38561
986 -0.679098 0.38561
987 -0.679099 0.38561
988 -0.679099 0.38561
989 -0.679099 0.38561
990 -0.679099 0.38561
991 -0.679099 0.38561
992 -0.679099 0.38561
993 -0.679099 0.38561
994 -0.679099 0.38561
995 -0.679098 0.38561
996 -0.679098 0.38561
997 -0.679098 0.38561
998 -0.679098 0.38561
999 -0.679097 0.385611
1000 -0.679097 0.385611
1001 -0.679097 0.385611
1002 -0.679097 0.385611
1003 -0.679097 0.385611
1004 -0.679097 0.385611
1005 -0.679097 0.385611
1006 -0.679097 0.385611
1007 -0.679098 0.38561
1008 -0.679098 0.38561
1009 -0.679098 0.38561
1010 -0.679098 0.38561
1011 -0.679098 0.38561
1012 -0.679098 0.38561
1013 -0.679098 0.38561
1014 -0.679098 0.38561
1015 -0.679099 0.38561
1016 -0.679099 0.38561
1017 -0.679098 0.38561
1018 -0.679098 0.38561
1019 -0.679098 0.38561
1020 -0.679098 0.38561
1021 -0.679098 0.38561
1022 -0.679097 0.385611
1023 -0.679097 0.385611
1024 -0.679097 0.385611
1025 -0.679096 0.385611
1026 -0.679096 0.385611
1027 -0.679097 0.385611
1028 -0.679097 0.385611
1029 -0.679097 0.385611
1030 -0.679097 0.385611
1031 -0.679097 0.385611
1032 -0.679098 0.38561
1033 -0.679098 0.38561
1034 -0.679098 0.38561
1035 -0.679098 0.38561
1036 -0.679098 0.38561
1037 -0.679099 0.38561
1038 -0.679099 0.38561
1039 -0.679099 0.383912
1040 -0.679099 0.383912
1041 -0.679099 0.383912
1042 -0.679099 0.383912
1043 -0.679099 0.383912
1044 -0.679099 0.383912
1045 -0.679099 0.383912
1046 -0.679099 0.383912
1047 -0.679099 0.383912
1048 -0.679099 0.383912
1049 -0.679099 0.383912
1050 -0.679098 0.383913
1051 -0.679098 0.383913
1052 -0.679097 0.383913
1053 -0.679097 0.383913
1054 -0.679097 0.383913
1055 -0.679097 0.383913
1056 -0.679097 0.383913
1057 -0.679097 0.383913
1058 -0.679097 0.383913
1059 -0.679097 0.383913
1060 -0.679097 0.383913
1061 -0.679097 0.383913
1062 -0.679098 0.383913
1063 -0.679098 0.383913
1064 -0.679098 0.383913
1065 -0.679098 0.383912
1066 -0.679098 0.383912
1067 -0.679099 0.383912
1068 -0.679099 0.383912
1069 -0.679099 0.383912
1070 -0.679099 0.383912
1071 -0.679099 0.383912
1072 -0.679099 0.383912
1073 -0.679099 0.383912
1074 -0.679098 0.383912
1075 -0.679098 0.383912
1076 -0.679098 0.383912
1077 -0.679098 0.383913
1078 -0.679098 0.383913
1079 -0.679097 0.383913
1080 -0.679097 0.383913
1081 -0.679097 0.383913
1082 -0.679097 0.383913
1083 -0.679097 0.383913
1084 -0.679097 0.383913
1085 -0.679097 0.383913
1086 -0.679097 0.383913
1087 -0.679097 0.383913
1088 -0.679097 0.383913
1089 -0.679097 0.383913
1090 -0.679098 0.383913
1091 -0.679098 0.383913
1092 -0.679098 0.383912
1093 -0.679098 0.383912
1094 -0.679098 0.383912
1095 -0.679099 0.383912
1096 -0.679099 0.383912
1097 -0.679099 0.383912
1098 -0.679099 0.383912
1099 -0.679099 0.383912
1100 -0.679098 0.383912
1101 -0.679098 0.383912
1102 -0.679098 0.383913
1103 -0.679098 0.383913
1104 -0.679098 0.383913
1105 -0.679097 0.383913
1106 -0.679097 0.382215
1107 -0.679097 0.382215
1108 -0.679097 0.382215
1109 -0.679097 0.382215
1110 -0.679097 0.382215
1111 -0.679097 0.382215
1112 -0.679097 0.378819
1113 -0.679098 0.377122
1114 -0.679098 0.377122
1115 -0.679098 0.377121
1116 -0.679098 0.377121
1117 -0.679098 0.377121
1118 -0.679099 0.377121
1119 -0.679099 0.377121
1120 -0.679099 0.377121
1121 -0.679099 0.377121
1122 -0.679099 0.377121
1123 -0.679098 0.377122
1124 -0.679098 0.377122
1125 -0.679097 0.377122
1126 -0.679097 0.377122
1127 -0.679097 0.377122
1128 -0.679097 0.377122
1129 -0.679097 0.377122
1130 -0.679097 0.377122
1131 -0.679097 0.377122
1132 -0.679097 0.377122
1133 -0.679097 0.377122
1134 -0.679097 0.377122
1135 -0.679098 0.377122
1136 -0.679098 0.377122
1137 -0.679098 0.377122
1138 -0.679098 0.377122
1139 -0.679098 0.377122
1140 -0.679099 0.377121
1141 -0.679099 0.377121
1142 -0.679099 0.377121
1143 -0.679099 0.377121
1144 -0.679099 0.377121
1145 -0.679099 0.377121
1146 -0.679099 0.377121
1147 -0.679099 0.377121
1148 -0.679098 0.377121
1149 -0.679098 0.377121
1150 -0.679098 0.377121
1151 -0.679098 0.377122
1152 -0.679098 0.377122
1153 -0.679097 0.377122
1154 -0.679097 0.377122
1155 -0.679097 0.377122
1156 -0.679097 0.377122
1157 -0.679097 0.377122
1158 -0.679097 0.377122
1159 -0.679097 0.377122
1160 -0.679097 0.377122
1161 -0.679098 0.377122
1162 -0.679098 0.377122
1163 -0.679098 0.377121
1164 -0.679098 0.377121
1165 -0.679098 0.377121
1166 -0.679099 0.377121
1167 -0.679099 0.377121
1168 -0.679099 0.377121
1169 -0.679099 0.377121
1170 -0.679099 0.377121
1171 -0.679099 0.377121
1172 -0.679099 0.377121
1173 -0.679098 0.377121
1174 -0.679098 0.377121
1175 -0.679098 0.377121
1176 -0.679098 0.377122
1177 -0.679098 0.377122
1178 -0.679097 0.377122
1179 -0.679097 0.377122
1180 -0.679097 0.377122
1181 -0.679097 0.375424
1182 -0.679097 0.375424
1183 -0.679097 0.375424
1184 -0.679097 0.375424
1185 -0.679097 0.375424
1186 -0.679097 0.375424
1187 -0.679097 0.375424
1188 -0.679098 0.375424
1189 -0.679098 0.375424
1190 -0.679098 0.375424
1191 -0.679098 0.375424
1192 -0.679098 0.375424
1193 -0.679099 0.375424
1194 -0.679099 0.375424
1195 -0.679099 0.375424
1196 -0.679099 0.375423
1197 -0.679099 0.375423
1198 -0.679099 0.375424
1199 -0.679099 0.375424
1200 -0.679098 0.375424
1201 -0.679098 0.375424
1202 -0.679098 0.375424
1203 -0.679097 0.375424
1204 -0.679097 0.375424
1205 -0.679097 0.375424
1206 -0.679097 0.375424
1207 -0.679097 0.375424
1208 -0.679097 0.375424
1209 -0.679097 0.375424
1210 -0.679097 0.375424
1211 -0.679097 0.375424
1212 -0.679097 0.375424
1213 -0.679098 0.375424
1214 -0.679098 0.375424
1215 -0.679098 0.375424
1216 -0.679098 0.375424
1217 -0.679098 0.375424
1218 -0.679098 0.375424
1219 -0.679099 0.375424
1220 -0.679099 0.375424
1221 -0.679099 0.375424
1222 -0.679099 0.375424
1223 -0.679099 0.375424
1224 -0.679099 0.375423
1225 -0.679099 0.375423
1226 -0.679099 0.375423
1227 -0.679099 0.375423
1228 -0.679099 0.375423
1229 -0.679098 0.375424
1230 -0.679098 0.375424
1231 -0.679098 0.375424
1232 -0.679098 0.375424
1233 -0.679098 0.375424
1234 -0.679097 0.375424
1235 -0.679097 0.375424
1236 -0.679097 0.375424
1237 -0.679097 0.375424
1238 -0.679097 0.375424
1239 -0.679098 0.375424
1240 -0.679098 0.375424
1241 -0.679098 0.375424
1242 -0.679098 0.375424
1243 -0.679098 0.375424
1244 -0.679099 0.375424
1245 -0.679099 0.375424
1246 -0.679099 0.375424
1247 -0.679099 0.375423
1248 -0.679099 0.373726
1249 -0.6791 0.373726
1250 -0.6791 0.373726
1251 -0.6791 0.373726
1252 -0.6791 0.373726
1253 -0.6791 0.373726
1254 -0.6791 0.373726
1255 -0.6791 0.373726
1256 -0.6791 0.373726
1257 -0.679099 0.373726
1258 -0.679099 0.373726
1259 -0.679099 0.373726
1260 -0.679098 0.373726
1261 -0.679098 0.373726
1262 -0.679098 0.373726
1263 -0.679097 0.373726
1264 -0.679097 0.373726
1265 -0.679097 0.373726
1266 -0.679097 0.373726
1267 -0.679097 0.373726
1268 -0.679097 0.373726
1269 -0.679097 0.373726
1270 -0.679097 0.373726
1271 -0.679098 0.373726
1272 -0.679098 0.373726
1273 -0.679098 0.373726
1274 -0.679098 0.373726
1275 -0.679098 0.373726
1276 -0.679099 0.373726
1277 -0.679099 0.373726
1278 -0.679099 0.373726
1279 -0.679099 0.373726
1280 -0.679099 0.373726
1281 -0.6791 0.373726
1282 -0.6791 0.373726
1283 -0.6791 0.373726
1284 -0.679099 0.373726
1285 -0.679099 0.373726
1286 -0.679099 0.373726
1287 -0.679099 0.373726
1288 -0.679099 0.373726
1289 -0.679098 0.373726
1290 -0.679098 0.373726
1291 -0.679097 0.373726
1292 -0.679097 0.373726
1293 -0.679097 0.373726
1294 -0.679097 0.373727
1295 -0.679097 0.373727
1296 -0.679096 0.373727
1297 -0.679096 0.373727
1298 -0.679096 0.373727
1299 -0.679097 0.373726
1300 -0.679097 0.373726
1301 -0.679097 0.373726
1302 -0.679097 0.373726
1303 -0.679098 0.373726
1304 -0.679098 0.373726
1305 -0.679098 0.373726
1306 -0.679098 0.373726
1307 -0.679098 0.373726
1308 -0.679099 0.373726
1309 -0.679099 0.373726
1310 -0.679099 0.373726
1311 -0.679099 0.373726
1312 -0.679099 0.373726
1313 -0.6791 0.373726
1314 -0.6791 0.373726
1315 -0.6791 0.373726
1316 -0.679099 0.372028
1317 -0.679099 0.372028
1318 -0.679099 0.372028
1319 -0.679099 0.372028
1320 -0.679099 0.372028
1321 -0.679098 0.372028
1322 -0.679098 0.372028
1323 -0.679097 0.372029
1324 -0.679097 0.372029
1325 -0.679097 0.372029
1326 -0.679097 0.372029
1327 -0.679097 0.372029
1328 -0.679097 0.372029
1329 -0.679097 0.372029
1330 -0.679097 0.372029
1331 -0.679097 0.372029
1332 -0.679097 0.372029
1333 -0.679097 0.372028
1334 -0.679097 0.372028
1335 -0.679097 0.372028
1336 -0.679098 0.372028
1337 -0.679098 0.372028
1338 -0.679098 0.372028
1339 -0.679099 0.372028
1340 -0.679099 0.372028
1341 -0.679099 0.372028
1342 -0.679099 0.372028
1343 -0.679099 0.372028
1344 -0.679099 0.372028
1345 -0.679099 0.372028
1346 -0.679099 0.372028
1347 -0.679099 0.372028
1348 -0.679099 0.372028
1349 -0.679099 0.372028
1350 -0.679098 0.372028
1351 -0.679098 0.372028
1352 -0.679098 0.372028
1353 -0.679098 0.372028
1354 -0.679098 0.372028
1355 -0.679098 0.372028
1356 -0.679098 0.372028
1357 -0.679098 0.372028
1358 -0.679098 0.372028
1359 -0.679098 0.372028
1360 -0.679098 0.372028
1361 -0.679098 0.372028
1362 -0.679098 0.372028
1363 -0.679098 0.372028
1364 -0.679098 0.372028
1365 -0.679098 0.372028
1366 -0.679099 0.372028
1367 -0.679099 0.372028
1368 -0.679099 0.372028
1369 -0.679099 0.372028
1370 -0.679099 0.372028
1371 -0.679099 0.372028
1372 -0.679099 0.372028
1373 -0.679099 0.372028
1374 -0.679099 0.372028
1375 -0.679099 0.372028
1376 -0.679099 0.372028
1377 -0.679099 0.372028
1378 -0.679099 0.372028
1379 -0.679099 0.372028
1380 -0.679099 0.372028
1381 -0.679098 0.372028
1382 -0.679098 0.372028
1383 -0.679098 0.372028
1384 -0.679098 0.372028
1385 -0.679098 0.37033
1386 -0.679098 0.37033
1387 -0.679098 0.37033
1388 -0.679098 0.37033
1389 -0.679099 0.37033
1390 -0.679099 0.37033
1391 -0.679099 0.37033
1392 -0.679099 0.37033
1393 -0.679099 0.37033
1394 -0.679099 0.37033
1395 -0.679099 0.37033
1396 -0.6791 0.37033
1397 -0.6791 0.37033
1398 -0.679099 0.37033
1399 -0.679099 0.37033
1400 -0.679099 0.37033
1401 -0.679099 0.37033
1402 -0.679099 0.37033
1403 -0.679098 0.370331
1404 -0.679098 0.370331
1405 -0.679098 0.370331
1406 -0.679097 0.370331
1407 -0.679097 0.370331
1408 -0.679097 0.370331
1409 -0.679097 0.370331
1410 -0.679097 0.370331
1411 -0.679097 0.370331
1412 -0.679097 0.370331
1413 -0.679097 0.370331
1414 -0.679097 0.370331
1415 -0.679097 0.370331
1416 -0.679098 0.370331
1417 -0.679098 0.370331
1418 -0.679098 0.37033
1419 -0.679098 0.37033
1420 -0.679098 0.37033
1421 -0.679099 0.37033
1422 -0.679099 0.37033
1423 -0.679099 0.37033
1424 -0.679099 0.37033
1425 -0.679098 0.370331
1426 -0.679098 0.370331
1427 -0.679098 0.370331
1428 -0.679097 0.370331
1429 -0.679097 0.370331
1430 -0.679097 0.370331
1431 -0.679097 0.370331
1432 -0.679097 0.370331
1433 -0.679097 0.370331
1434 -0.679097 0.370331
1435 -0.679097 0.370331
1436 -0.679097 0.370331
1437 -0.679097 0.370331
1438 -0.679097 0.370331
1439 -0.679097 0.370331
1440 -0.679098 0.370331
1441 -0.679098 0.370331
1442 -0.679098 0.370331
1443 -0.679098 0.370331
1444 -0.679098 0.370331
1445 -0.679098 0.370331
1446 -0.679099 0.37033
1447 -0.679099 0.37033
1448 -0.679099 0.37033
1449 -0.679099 0.37033
1450 -0.679099 0.37033
1451 -0.679099 0.37033
1452 -0.679099 0.368633
1453 -0.679098 0.368633
1454 -0.679098 0.368633
1455 -0.679098 0.368633
1456 -0.679097 0.368633
1457 -0.679097 0.368633
1458 -0.679097 0.368633
1459 -0.679097 0.368633
1460 -0.679097 0.368633
1461 -0.679096 0.368633
1462 -0.679096 0.368633
1463 -0.679097 0.368633
1464 -0.679097 0.368633
1465 -0.679097 0.368633
1466 -0.679097 0.368633
1467 -0.679097 0.368633
1468 -0.679098 0.368633
1469 -0.679098 0.368633
1470 -0.679098 0.368633
1471 -0.679098 0.368633
1472 -0.679098 0.368633
1473 -0.679098 0.368633
1474 -0.679098 0.368633
1475 -0.679098 0.368633
1476 -0.679099 0.368633
1477 -0.679099 0.368633
1478 -0.679099 0.368633
1479 -0.679099 0.368633
1480 -0.679099 0.368633
1481 -0.679098 0.368633
1482 -0.679098 0.368633
1483 -0.679098 0.368633
1484 -0.679098 0.368633
1485 -0.679098 0.368633
1486 -0.679097 0.368633
1487 -0.679097 0.368633
1488 -0.679097 0.368633
1489 -0.679097 0.368633
1490 -0.679097 0.368633
1491 -0.679097 0.368633
1492 -0.679097 0.368633
1493 -0.679097 0.368633
1494 -0.679097 0.368633
1495 -0.679097 0.368633
1496 -0.679098 0.368633
1497 -0.679098 0.368633
1498 -0.679098 0.368633
1499 -0.679098 0.368633
1500 -0.679098 0.368633
1501 -0.679098 0.368633
1502 -0.679098 0.368633
1503 -0.679098 0.368633
1504 -0.679099 0.368633
1505 -0.679099 0.368633
1506 -0.679098 0.368633
1507 -0.679098 0.368633
1508 -0.679098 0.368633
1509 -0.679097 0.368633
1510 -0.679097 0.368633
1511 -0.679097 0.368633
1512 -0.679097 0.368633
1513 -0.679097 0.368633
1514 -0.679097 0.368633
1515 -0.679097 0.368633
1516 -0.679096 0.368633
1517 -0.679096 0.368633
1518 -0.679096 0.368633
1519 -0.679097 0.368633
1520 -0.679097 0.366935
1521 -0.679097 0.366935
1522 -0.679098 0.366935
1523 -0.679098 0.366935
1524 -0.679098 0.366935
1525 -0.679098 0.366935
1526 -0.679098 0.366935
1527 -0.679099 0.366935
1528 -0.679099 0.366935
1529 -0.679099 0.366935
1530 -0.679099 0.366935
1531 -0.679099 0.366935
1532 -0.679099 0.366935
1533 -0.679099 0.366935
1534 -0.679099 0.366935
1535 -0.679099 0.366935
1536 -0.679099 0.366935
1537 -0.679098 0.366935
1538 -0.679098 0.366935
1539 -0.679098 0.366935
1540 -0.679097 0.366935
1541 -0.679097 0.366935
1542 -0.679097 0.366935
1543 -0.679097 0.366935
1544 -0.679097 0.366935
1545 -0.679097 0.366935
1546 -0.679097 0.366935
1547 -0.679097 0.366935
1548 -0.679097 0.366935
1549 -0.679097 0.366935
1550 -0.679098 0.366935
1551 -0.679098 0.366935
1552 -0.679098 0.366935
1553 -0.679098 0.366935
1554 -0.679098 0.366935
1555 -0.679099 0.366935
1556 -0.679099 0.366935
1557 -0.679099 0.366935
1558 -0.679099 0.366935
1559 -0.679099 0.366935
1560 -0.679099 0.366935
1561 -0.679099 0.366935
1562 -0.679098 0.366935
1563 -0.679098 0.366935
1564 -0.679098 0.366935
1565 -0.679097 0.366935
1566 -0.679097 0.366935
1567 -0.679097 0.366936
1568 -0.679097 0.366936
1569 -0.679097 0.366936
1570 -0.679096 0.366936
1571 -0.679096 0.366936
1572 -0.679096 0.366936
1573 -0.679096 0.366936
1574 -0.679096 0.366936
1575 -0.679097 0.366935
1576 -0.679097 0.366935
1577 -0.679097 0.366935
1578 -0.679098 0.366935
1579 -0.679098 0.366935
1580 -0.679098 0.366935
1581 -0.679098 0.366935
1582 -0.679098 0.366935
1583 -0.679099 0.366935
1584 -0.679099 0.366935
1585 -0.679099 0.366935
1586 -0.679099 0.366935
1587 -0.679099 0.366935
1588 -0.679099 0.366935
1589 -0.679099 0.365237
1590 -0.679099 0.365237
1591 -0.679098 0.365237
1592 -0.679097 0.365238
1593 -0.679097 0.365238
1594 -0.679097 0.365238
1595 -0.679097 0.365238
1596 -0.679096 0.365238
1597 -0.679096 0.365238
1598 -0.679096 0.365238
1599 -0.679096 0.365238
1600 -0.679096 0.365238
1601 -0.679097 0.365238
1602 -0.679097 0.365238
1603 -0.679097 0.365238
1604 -0.679097 0.365238
1605 -0.679097 0.365238
1606 -0.679098 0.365237
1607 -0.679098 0.365237
1608 -0.679098 0.365237
1609 -0.679098 0.365237
1610 -0.679098 0.365237
1611 -0.679098 0.365237
1612 -0.679098 0.365237
1613 -0.679098 0.365237
1614 -0.679098 0.365237
1615 -0.679098 0.365237
1616 -0.679097 0.365238
1617 -0.679097 0.365238
1618 -0.679097 0.365238
1619 -0.679097 0.365238
1620 -0.679097 0.365238
1621 -0.679097 0.365238
1622 -0.679096 0.365238
1623 -0.679096 0.365238
1624 -0.679097 0.365238
1625 -0.679097 0.365238
1626 -0.679097 0.365238
1627 -0.679097 0.365238
1628 -0.679097 0.365238
1629 -0.679098 0.365237
1630 -0.679098 0.365237
1631 -0.679098 0.365237
1632 -0.679098 0.365237
1633 -0.679098 0.365237
1634 -0.679098 0.365237
1635 -0.679098 0.365237
1636 -0.679098 0.365237
1637 -0.679098 0.365237
1638 -0.679098 0.365237
1639 -0.679098 0.365237
1640 -0.679098 0.365237
1641 -0.679098 0.365237
1642 -0.679098 0.365237
1643 -0.679098 0.365237
1644 -0.679098 0.365237
1645 -0.679098 0.365237
1646 -0.679098 0.365237
1647 -0.679098 0.365237
1648 -0.679098 0.365237
1649 -0.679099 0.365237
1650 -0.679099 0.365237
1651 -0.679099 0.365237
1652 -0.679099 0.365237
1653 -0.679099 0.365237
1654 -0.679099 0.365237
1655 -0.679099 0.363539
1656 -0.679098 0.363539
1657 -0.679098 0.363539
1658 -0.679098 0.36354
1659 -0.679098 0.36354
1660 -0.679098 0.36354
1661 -0.679097 0.36354
1662 -0.679097 0.36354
1663 -0.679097 0.36354
1664 -0.679097 0.36354
1665 -0.679097 0.36354
1666 -0.679097 0.36354
1667 -0.679097 0.36354
1668 -0.679097 0.36354
1669 -0.679097 0.36354
1670 -0.679098 0.36354
1671 -0.679098 0.36354
1672 -0.679098 0.36354
1673 -0.679098 0.36354
1674 -0.679098 0.36354
1675 -0.679099 0.363539
1676 -0.679099 0.363539
1677 -0.679099 0.363539
1678 -0.679099 0.363539
1679 -0.679099 0.363539
1680 -0.679098 0.36354
1681 -0.679098 0.36354
1682 -0.679097 0.36354
1683 -0.679097 0.36354
1684 -0.679097 0.36354
1685 -0.679097 0.36354
1686 -0.679097 0.36354
1687 -0.679097 0.36354
1688 -0.679097 0.36354
1689 -0.679097 0.36354
1690 -0.679097 0.36354
1691 -0.679097 0.36354
1692 -0.679097 0.36354
1693 -0.679097 0.36354
1694 -0.679098 0.36354
1695 -0.679098 0.36354
1696 -0.679098 0.36354
1697 -0.679098 0.36354
1698 -0.679098 0.36354
1699 -0.679098 0.363539
1700 -0.679098 0.363539
1701 -0.679098 0.363539
1702 -0.679099 0.363539
1703 -0.679099 0.363539
1704 -0.679099 0.363539
1705 -0.679099 0.363539
1706 -0.679099 0.363539
1707 -0.679098 0.36354
1708 -0.679098 0.36354
1709 -0.679097 0.36354
1710 -0.679097 0.36354
1711 -0.679097 0.36354
1712 -0.679097 0.36354
1713 -0.679097 0.36354
1714 -0.679097 0.36354
1715 -0.679097 0.36354
1716 -0.679097 0.36354
1717 -0.679097 0.36354
1718 -0.679098 0.36354
1719 -0.679098 0.36354
1720 -0.679098 0.36354
1721 -0.679098 0.36354
1722 -0.679098 0.36354
1723 -0.679098 0.361842
1724 -0.679098 0.361842
1725 -0.679098 0.361842
1726 -0.679098 0.361842
1727 -0.679098 0.361842
1728 -0.679098 0.361842
1729 -0.679098 0.361842
1730 -0.679098 0.361842
1731 -0.679098 0.361842
1732 -0.679098 0.361842
1733 -0.679098 0.361842
1734 -0.679098 0.361842
1735 -0.679098 0.361842
1736 -0.679098 0.361842
1737 -0.679098 0.361842
1738 -0.679098 0.361842
1739 -0.679098 0.361842
1740 -0.679099 0.361842
1741 -0.679099 0.361842
1742 -0.679099 0.361842
1743 -0.679099 0.361842
1744 -0.679099 0.361842
1745 -0.679099 0.361842
1746 -0.679099 0.361842
1747 -0.679098 0.361842
1748 -0.679098 0.361842
1749 -0.679098 0.361842
1750 -0.679098 0.361842
1751 -0.679097 0.361842
1752 -0.679097 0.361842
1753 -0.679097 0.361842
1754 -0.679097 0.361842
1755 -0.679097 0.361842
1756 -0.679097 0.361842
1757 -0.679097 0.361842
1758 -0.679097 0.361842
1759 -0.679097 0.361842
1760 -0.679097 0.361842
1761 -0.679097 0.361842
1762 -0.679097 0.361842
1763 -0.679097 0.361842
1764 -0.679098 0.361842
1765 -0.679098 0.361842
1766 -0.679098 0.361842
1767 -0.679098 0.361842
1768 -0.679098 0.361842
1769 -0.679099 0.361842
1770 -0.679099 0.361842
1771 -0.679099 0.361842
1772 -0.679099 0.361842
1773 -0.679099 0.361842
1774 -0.679099 0.361842
1775 -0.679099 0.361842
1776 -0.679098 0.361842
1777 -0.679098 0.361842
1778 -0.679097 0.361842
1779 -0.679097 0.361842
1780 -0.679097 0.361842
1781 -0.679097 0.361842
1782 -0.679097 0.361842
1783 -0.679097 0.361842
1784 -0.679097 0.361842
1785 -0.679097 0.361842
1786 -0.679097 0.361842
1787 -0.679097 0.361842
1788 -0.679098 0.361842
1789 -0.679098 0.361842
1790 -0.679098 0.361842
1791 -0.679098 0.360144
1792 -0.679098 0.360144
1793 -0.679098 0.360144
1794 -0.679098 0.360144
1795 -0.679098 0.360144
1796 -0.679099 0.360144
1797 -0.679099 0.360144
1798 -0.679099 0.360144
1799 -0.679099 0.360144
1800 -0.679099 0.360144
1801 -0.679098 0.360144
1802 -0.679098 0.360144
1803 -0.679098 0.360144
1804 -0.679098 0.360144
1805 -0.679097 0.360144
1806 -0.679097 0.360144
1807 -0.679097 0.360144
1808 -0.679097 0.360144
1809 -0.679097 0.360144
1810 -0.679097 0.360144
1811 -0.679097 0.360144
1812 -0.679097 0.360144
1813 -0.679097 0.360144
1814 -0.679097 0.360144
1815 -0.679098 0.360144
1816 -0.679098 0.360144
1817 -0.679098 0.360144
1818 -0.679098 0.360144
1819 -0.679098 0.360144
1820 -0.679098 0.360144
1821 -0.679098 0.360144
1822 -0.679098 0.360144
1823 -0.679098 0.360144
1824 -0.679097 0.360144
1825 -0.679097 0.360144
1826 -0.679097 0.360144
1827 -0.679098 0.360144
1828 -0.679098 0.360144
1829 -0.679098 0.360144
1830 -0.679098 0.360144
1831 -0.679098 0.360144
1832 -0.679098 0.360144
1833 -0.679098 0.360144
1834 -0.679099 0.360144
1835 -0.679099 0.360144
1836 -0.679099 0.360144
1837 -0.679099 0.360144
1838 -0.679099 0.360144
1839 -0.679099 0.360144
1840 -0.679099 0.360144
1841 -0.679099 0.360144
1842 -0.679099 0.360144
1843 -0.679098 0.360144
1844 -0.679098 0.360144
1845 -0.679097 0.360144
1846 -0.679097 0.360144
1847 -0.679097 0.360144
1848 -0.679098 0.360144
1849 -0.679098 0.360144
1850 -0.679098 0.360144
1851 -0.679098 0.360144
1852 -0.679098 0.360144
1853 -0.679098 0.360144
1854 -0.679098 0.360144
1855 -0.679098 0.360144
1856 -0.679098 0.360144
1857 -0.679099 0.360144
1858 -0.679099 0.360144
1859 -0.679098 0.358446
1860 -0.679098 0.358446
1861 -0.679098 0.358446
1862 -0.679098 0.358446
1863 -0.679098 0.358446
1864 -0.679098 0.358446
1865 -0.679098 0.358446
1866 -0.679098 0.358446
1867 -0.679098 0.358446
1868 -0.679098 0.358446
1869 -0.679098 0.358446
1870 -0.679098 0.358446
1871 -0.679099 0.358446
1872 -0.679099 0.358446
1873 -0.679099 0.358446
1874 -0.679099 0.358446
1875 -0.679099 0.358446
1876 -0.679099 0.358446
1877 -0.679099 0.358446
1878 -0.679099 0.358446
1879 -0.679099 0.358446
1880 -0.679099 0.358446
1881 -0.679099 0.358446
1882 -0.679099 0.358446
1883 -0.679099 0.358446
1884 -0.679098 0.358446
1885 -0.679098 0.358446
1886 -0.679097 0.358447
1887 -0.679097 0.358447
1888 -0.679097 0.358447
1889 -0.679097 0.358447
1890 -0.679097 0.358447
1891 -0.679098 0.358446
1892 -0.679098 0.358446
1893 -0.679098 0.358446
1894 -0.679098 0.358446
1895 -0.679098 0.358446
1896 -0.679098 0.358446
1897 -0.679098 0.358446
1898 -0.679099 0.358446
1899 -0.679099 0.358446
1900 -0.679099 0.358446
1901 -0.679099 0.358446
1902 -0.679099 0.358446
1903 -0.679099 0.358446
1904 -0.679099 0.358446
1905 -0.679099 0.358446
1906 -0.679098 0.358446
1907 -0.679098 0.358446
1908 -0.679097 0.358447
1909 -0.679097 0.358447
1910 -0.679097 0.358447
1911 -0.679097 0.358447
1912 -0.679097 0.358447
1913 -0.679097 0.358447
1914 -0.679097 0.358447
1915 -0.679098 0.358446
1916 -0.679098 0.358446
1917 -0.679098 0.358446
1918 -0.679098 0.358446
1919 -0.679098 0.358446
1920 -0.679098 0.358446
1921 -0.679098 0.358446
1922 -0.679098 0.358446
1923 -0.679098 0.358446
1924 -0.679098 0.358446
1925 -0.679098 0.358446
1926 -0.679098 0.358446
1927 -0.679098 0.356749
1928 -0.679098 0.356749
1929 -0.679098 0.356749
1930 -0.679098 0.356749
1931 -0.679098 0.356749
1932 -0.679098 0.356749
1933 -0.679098 0.356748
1934 -0.679098 0.356748
1935 -0.679099 0.356748
1936 -0.679099 0.356748
1937 -0.679099 0.356748
1938 -0.679099 0.356748
1939 -0.679099 0.356748
1940 -0.679099 0.356748
1941 -0.679099 0.356748
1942 -0.679099 0.356748
1943 -0.6791 0.356748
1944 -0.6791 0.356748
1945 -0.6791 0.356748
1946 -0.6791 0.356748
1947 -0.6791 0.356748
1948 -0.679099 0.356748
1949 -0.679099 0.356748
1950 -0.679098 0.356748
1951 -0.679098 0.356748
1952 -0.679098 0.356748
1953 -0.679098 0.356748
1954 -0.679098 0.356748
1955 -0.679098 0.356748
1956 -0.679098 0.356748
1957 -0.679098 0.356748
1958 -0.679099 0.356748
1959 -0.679099 0.356748
1960 -0.679099 0.356748
1961 -0.679099 0.356748
1962 -0.679099 0.356748
1963 -0.679099 0.356748
1964 -0.679099 0.356748
1965 -0.679099 0.356748
1966 -0.679099 0.356748
1967 -0.679099 0.356748
1968 -0.6791 0.356748
1969 -0.6791 0.356748
1970 -0.6791 0.356748
1971 -0.6791 0.356748
1972 -0.6791 0.356748
1973 -0.6791 0.356748
1974 -0.6791 0.356748
1975 -0.679099 0.356748
1976 -0.679099 0.356748
1977 -0.679099 0.356748
1978 -0.679099 0.356748
1979 -0.679099 0.356748
1980 -0.679098 0.356749
1981 -0.679098 0.356749
1982 -0.679098 0.356749
1983 -0.679098 0.356749
1984 -0.679098 0.356749
1985 -0.679099 0.356748
1986 -0.679099 0.356748
1987 -0.679099 0.356748
1988 -0.679099 0.356748
1989 -0.679099 0.356748
1990 -0.679099 0.356748
1991 -0.679099 0.356748
1992 -0.6791 0.356748
1993 -0.6791 0.356748
1994 -0.6791 0.35505
1995 -0.6791 0.35505
1996 -0.6791 0.35505
1997 -0.679099 0.355051
1998 -0.679099 0.355051
1999 -0.679098 0.355051
2000 -0.679098 0.355051
2001 -0.679098 0.355051
2002 -0.679098 0.355051
2003 -0.679098 0.355051
2004 -0.679097 0.355051
2005 -0.679097 0.355051
2006 -0.679097 0.355051
2007 -0.679098 0.355051
2008 -0.679098 0.355051
2009 -0.679098 0.355051
2010 -0.679098 0.355051
2011 -0.679098 0.355051
2012 -0.679098 0.355051
2013 -0.679098 0.355051
2014 -0.679099 0.355051
2015 -0.679099 0.355051
2016 -0.679099 0.355051
2017 -0.679099 0.355051
2018 -0.679099 0.35505
2019 -0.679099 0.35505
2020 -0.679099 0.35505
2021 -0.679099 0.35505
2022 -0.679099 0.35505
2023 -0.679099 0.35505
2024 -0.679099 0.355051
2025 -0.679099 0.355051
2026 -0.679098 0.355051
2027 -0.679098 0.355051
2028 -0.679098 0.355051
2029 -0.679097 0.355051
2030 -0.679097 0.355051
2031 -0.679097 0.355051
2032 -0.679097 0.355051
2033 -0.679097 0.355051
2034 -0.679097 0.355051
2035 -0.679097 0.355051
2036 -0.679098 0.355051
2037 -0.679098 0.355051
2038 -0.679098 0.355051
2039 -0.679098 0.355051
2040 -0.679098 0.355051
2041 -0.679099 0.355051
2042 -0.679099 0.355051
2043 -0.679099 0.355051
2044 -0.679099 0.355051
2045 -0.679099 0.355051
2046 -0.679099 0.355051
2047 -0.679099 0.355051
2048 -0.679099 0.355051
2049 -0.679099 0.355051
2050 -0.679099 0.355051
2051 -0.679098 0.355051
2052 -0.679098 0.355051
2053 -0.679097 0.355051
2054 -0.679097 0.355051
2055 -0.679097 0.355051
2056 -0.679097 0.355051
2057 -0.679097 0.355051
2058 -0.679097 0.355051
2059 -0.679097 0.355051
2060 -0.679097 0.355051
2061 -0.679097 0.355051
2062 -0.679097 0.353353
2063 -0.679097 0.353353
2064 -0.679098 0.353353
2065 -0.679098 0.353353
2066 -0.679098 0.353353
2067 -0.679098 0.353353
2068 -0.679098 0.353353
2069 -0.679098 0.353353
2070 -0.679098 0.353353
2071 -0.679098 0.353353
2072 -0.679098 0.353353
2073 -0.679098 0.353353
2074 -0.679098 0.353353
2075 -0.679098 0.353353
2076 -0.679098 0.353353
2077 -0.679098 0.353353
2078 -0.679098 0.353353
2079 -0.679098 0.353353
2080 -0.679098 0.353353
2081 -0.679098 0.353353
2082 -0.679098 0.353353
2083 -0.679098 0.353353
2084 -0.679098 0.353353
2085 -0.679099 0.353353
2086 -0.679099 0.353353
2087 -0.679099 0.353353
2088 -0.679099 0.353353
2089 -0.679099 0.353353
2090 -0.679099 0.353353
2091 -0.6791 0.353353
2092 -0.6791 0.353353
2093 -0.679099 0.353353
2094 -0.679099 0.353353
2095 -0.679099 0.353353
2096 -0.679099 0.353353
2097 -0.679099 0.353353
2098 -0.679098 0.353353
2099 -0.679098 0.353353
2100 -0.679098 0.353353
2101 -0.679097 0.353353
2102 -0.679097 0.353353
2103 -0.679097 0.353353
2104 -0.679097 0.353353
2105 -0.679097 0.353353
2106 -0.679097 0.353353
2107 -0.679097 0.353353
2108 -0.679098 0.353353
2109 -0.679098 0.353353
2110 -0.679098 0.353353
2111 -0.679098 0.353353
2112 -0.679098 0.353353
2113 -0.679099 0.353353
2114 -0.679099 0.353353
2115 -0.679099 0.353353
2116 -0.679099 0.353353
2117 -0.679099 0.353353
2118 -0.679099 0.353353
2119 -0.679099 0.353353
2120 -0.679099 0.353353
2121 -0.679099 0.353353
2122 -0.679099 0.353353
2123 -0.679098 0.353353
2124 -0.679098 0.353353
2125 -0.679097 0.353353
2126 -0.679097 0.353353
2127 -0.679097 0.353353
2128 -0.679097 0.353353
2129 -0.679097 0.353353
2130 -0.679097 0.351656
2131 -0.679097 0.351656
2132 -0.679098 0.351655
2133 -0.679098 0.351655
2134 -0.679098 0.351655
2135 -0.679098 0.351655
2136 -0.679098 0.351655
2137 -0.679099 0.351655
2138 -0.679099 0.351655
2139 -0.679099 0.351655
2140 -0.679099 0.351655
2141 -0.679099 0.351655
2142 -0.679099 0.351655
2143 -0.679099 0.351655
2144 -0.679099 0.351655
2145 -0.6791 0.351655
2146 -0.6791 0.351655
2147 -0.6791 0.351655
2148 -0.6791 0.351655
2149 -0.6791 0.351655
2150 -0.679099 0.351655
2151 -0.679099 0.351655
2152 -0.679099 0.351655
2153 -0.679098 0.351655
2154 -0.679098 0.351655
2155 -0.679097 0.351656
2156 -0.679097 0.351656
2157 -0.679097 0.351656
2158 -0.679097 0.351656
2159 -0.679097 0.351656
2160 -0.679097 0.351656
2161 -0.679097 0.351656
2162 -0.679097 0.351656
2163 -0.679097 0.351656
2164 -0.679097 0.351656
2165 -0.679098 0.351655
2166 -0.679098 0.351655
2167 -0.679098 0.351655
2168 -0.679098 0.351655
2169 -0.679098 0.351655
2170 -0.679099 0.351655
2171 -0.679099 0.351655
2172 -0.679098 0.351655
2173 -0.679098 0.351655
2174 -0.679098 0.351655
2175 -0.679098 0.351655
2176 -0.679098 0.351655
2177 -0.679097 0.351656
2178 -0.679097 0.351656
2179 -0.679097 0.351656
2180 -0.679097 0.351656
2181 -0.679097 0.351656
2182 -0.679097 0.351656
2183 -0.679097 0.351656
2184 -0.679097 0.351656
2185 -0.679097 0.351656
2186 -0.679097 0.351656
2187 -0.679098 0.351655
2188 -0.679098 0.351655
2189 -0.679098 0.351655
2190 -0.679098 0.351655
2191 -0.679099 0.351655
2192 -0.679099 0.351655
2193 -0.679099 0.351655
2194 -0.679099 0.351655
2195 -0.679099 0.351655
2196 -0.679098 0.351655
2197 -0.679098 0.351655
2198 -0.679098 0.349958
2199 -0.679098 0.349958
2200 -0.679098 0.349958
2201 -0.679097 0.349958
2202 -0.679097 0.349958
2203 -0.679097 0.349958
2204 -0.679097 0.349958
2205 -0.679097 0.349958
2206 -0.679097 0.349958
2207 -0.679097 0.349958
2208 -0.679097 0.349958
2209 -0.679097 0.349958
2210 -0.679097 0.349958
2211 -0.679097 0.349958
2212 -0.679097 0.349958
2213 -0.679098 0.349958
2214 -0.679098 0.349958
2215 -0.679098 0.349958
2216 -0.679098 0.349958
2217 -0.679098 0.349958
2218 -0.679098 0.349958
2219 -0.679098 0.349958
2220 -0.679097 0.349958
2221 -0.679097 0.349958
2222 -0.679097 0.349958
2223 -0.679097 0.349958
2224 -0.679097 0.349958
2225 -0.679097 0.349958
2226 -0.679097 0.349958
2227 -0.679097 0.349958
2228 -0.679097 0.349958
2229 -0.679098 0.349958
2230 -0.679098 0.349958
2231 -0.679098 0.349958
2232 -0.679098 0.349958
2233 -0.679098 0.349958
2234 -0.679099 0.349957
2235 -0.679099 0.349957
2236 -0.679099 0.349957
2237 -0.679099 0.349957
2238 -0.679099 0.349957
2239 -0.679099 0.349957
2240 -0.679099 0.349957
2241 -0.679098 0.349958
2242 -0.679098 0.349958
2243 -0.679098 0.349958
2244 -0.679097 0.349958
2245 -0.679097 0.349958
2246 -0.679097 0.349958
2247 -0.679097 0.349958
2248 -0.679097 0.349958
2249 -0.679097 0.349958
2250 -0.679097 0.349958
2251 -0.679097 0.349958
2252 -0.679097 0.349958
2253 -0.679097 0.349958
2254 -0.679098 0.349958
2255 -0.679098 0.349958
2256 -0.679098 0.349958
2257 -0.679098 0.349958
2258 -0.679098 0.349958
2259 -0.679099 0.349957
2260 -0.679099 0.349957
2261 -0.679099 0.349957
2262 -0.679099 0.349957
2263 -0.679099 0.349957
2264 -0.679099 0.349957
2265 -0.679099 0.349957
2266 -0.679099 0.34826
2267 -0.679099 0.34826
2268 -0.679098 0.34826
2269 -0.679098 0.34826
2270 -0.679097 0.34826
2271 -0.679097 0.34826
2272 -0.679097 0.34826
2273 -0.679097 0.34826
2274 -0.679097 0.34826
2275 -0.679098 0.34826
2276 -0.679098 0.34826
2277 -0.679098 0.34826
2278 -0.679098 0.34826
2279 -0.679098 0.34826
2280 -0.679098 0.34826
2281 -0.679098 0.34826
2282 -0.679099 0.34826
2283 -0.679099 0.34826
2284 -0.679099 0.34826
2285 -0.679099 0.34826
2286 -0.679099 0.34826
2287 -0.679099 0.348259
2288 -0.679099 0.348259
2289 -0.679099 0.348259
2290 -0.679099 0.348259
2291 -0.679099 0.348259
2292 -0.679099 0.34826
2293 -0.679099 0.34826
2294 -0.679099 0.34826
2295 -0.679098 0.34826
2296 -0.679098 0.34826
2297 -0.679097 0.34826
2298 -0.679097 0.34826
2299 -0.679097 0.34826
2300 -0.679097 0.34826
2301 -0.679097 0.34826
2302 -0.679097 0.34826
2303 -0.679097 0.34826
2304 -0.679097 0.34826
2305 -0.679098 0.34826
2306 -0.679098 0.34826
2307 -0.679098 0.34826
2308 -0.679098 0.34826
2309 -0.679099 0.34826
2310 -0.679099 0.34826
2311 -0.679099 0.34826
2312 -0.679099 0.34826
2313 -0.679099 0.34826
2314 -0.679099 0.34826
2315 -0.679099 0.34826
2316 -0.679099 0.34826
2317 -0.679099 0.34826
2318 -0.679099 0.34826
2319 -0.679099 0.34826
2320 -0.679098 0.34826
2321 -0.679098 0.34826
2322 -0.679097 0.34826
2323 -0.679097 0.34826
2324 -0.679097 0.34826
2325 -0.679097 0.34826
2326 -0.679097 0.34826
2327 -0.679097 0.34826
2328 -0.679097 0.34826
2329 -0.679097 0.34826
2330 -0.679097 0.34826
2331 -0.679097 0.34826
2332 -0.679098 0.346562
2333 -0.679098 0.346562
2334 -0.679098 0.346562
2335 -0.679098 0.346562
2336 -0.679099 0.346562
2337 -0.679099 0.346562
2338 -0.679099 0.346562
2339 -0.679099 0.346562
2340 -0.679099 0.346562
2341 -0.679098 0.346562
2342 -0.679098 0.346562
2343 -0.679098 0.346562
2344 -0.679098 0.346562
2345 -0.679098 0.346562
2346 -0.679098 0.346562
2347 -0.679098 0.346562
2348 -0.679098 0.346562
2349 -0.679098 0.346562
2350 -0.679098 0.346562
2351 -0.679098 0.346562
2352 -0.679098 0.346562
2353 -0.679098 0.346562
2354 -0.679098 0.346562
2355 -0.679098 0.346562
2356 -0.679099 0.346562
2357 -0.679099 0.346562
2358 -0.679098 0.346562
2359 -0.679098 0.346562
2360 -0.679098 0.346562
2361 -0.679098 0.346562
2362 -0.679097 0.346562
2363 -0.679097 0.346562
2364 -0.679097 0.346562
2365 -0.679097 0.346562
2366 -0.679097 0.346562
2367 -0.679097 0.346562
2368 -0.679097 0.346562
2369 -0.679097 0.346562
2370 -0.679097 0.346562
2371 -0.679098 0.346562
2372 -0.679098 0.346562
2373 -0.679098 0.346562
2374 -0.679098 0.346562
2375 -0.679098 0.346562
2376 -0.679099 0.346562
2377 -0.679099 0.346562
2378 -0.679099 0.346562
2379 -0.679099 0.346562
2380 -0.679099 0.346562
2381 -0.679099 0.346562
2382 -0.679099 0.346562
2383 -0.679099 0.346562
2384 -0.679099 0.346562
2385 -0.679098 0.346562
2386 -0.679098 0.346562
2387 -0.679098 0.346562
2388 -0.679098 0.346562
2389 -0.679098 0.346562
2390 -0.679097 0.346562
2391 -0.679097 0.346562
2392 -0.679098 0.346562
2393 -0.679098 0.346562
2394 -0.679098 0.346562
2395 -0.679098 0.346562
2396 -0.679098 0.346562
2397 -0.679099 0.346562
2398 -0.679099 0.346562
2399 -0.679099 0.346562
2400 -0.679099 0.344864
2401 -0.679099 0.344864
2402 -0.679099 0.344864
2403 -0.679099 0.344864
2404 -0.679099 0.344864
2405 -0.679098 0.344864
2406 -0.679098 0.344864
2407 -0.679098 0.344864
2408 -0.679098 0.344864
2409 -0.679098 0.344864
2410 -0.679098 0.344864
2411 -0.679098 0.344864
2412 -0.679098 0.344864
2413 -0.679098 0.344864
2414 -0.679098 0.344864
2415 -0.679099 0.344864
2416 -0.679099 0.344864
2417 -0.679099 0.344864
2418 -0.679099 0.344864
2419 -0.679099 0.344864
2420 -0.679099 0.344864
2421 -0.679099 0.344864
2422 -0.679099 0.344864
2423 -0.679099 0.344864
2424 -0.679099 0.344864
2425 -0.679099 0.344864
2426 -0.679099 0.344864
2427 -0.679098 0.344864
2428 -0.679098 0.344864
2429 -0.679098 0.344864
2430 -0.679098 0.344865
2431 -0.679098 0.344865
2432 -0.679098 0.344865
2433 -0.679098 0.344864
2434 -0.679098 0.344864
2435 -0.679098 0.344864
2436 -0.679098 0.344864
2437 -0.679098 0.344864
2438 -0.679099 0.344864
2439 -0.679099 0.344864
2440 -0.679099 0.344864
2441 -0.679099 0.344864
2442 -0.679099 0.344864
2443 -0.679099 0.344864
2444 -0.679099 0.344864
2445 -0.6791 0.344864
2446 -0.6791 0.344864
2447 -0.6791 0.344864
2448 -0.6791 0.344864
2449 -0.6791 0.344864
2450 -0.679099 0.344864
2451 -0.679099 0.344864
2452 -0.679099 0.344864
2453 -0.679098 0.344864
2454 -0.679098 0.344864
2455 -0.679098 0.344865
2456 -0.679098 0.344865
2457 -0.679098 0.344865
2458 -0.679098 0.344865
2459 -0.679098 0.344865
2460 -0.679097 0.344865
2461 -0.679097 0.344865
2462 -0.679097 0.344865
2463 -0.679098 0.344864
2464 -0.679098 0.344864
2465 -0.679098 0.344864
2466 -0.679098 0.344864
2467 -0.679098 0.344864
2468 -0.679099 0.343166
2469 -0.679099 0.343166
2470 -0.679099 0.343166
2471 -0.679099 0.343166
2472 -0.679099 0.343166
2473 -0.679099 0.343166
2474 -0.679099 0.343166
2475 -0.679098 0.343167
2476 -0.679098 0.343167
2477 -0.679098 0.343167
2478 -0.679098 0.343167
2479 -0.679098 0.343167
2480 -0.679098 0.343167
2481 -0.679098 0.343167
2482 -0.679098 0.343167
2483 -0.679098 0.343167
2484 -0.679098 0.343167
2485 -0.679098 0.343167
2486 -0.679098 0.343167
2487 -0.679098 0.343167
2488 -0.679099 0.343166
2489 -0.679099 0.343166
2490 -0.679099 0.343166
2491 -0.679099 0.343166
2492 -0.679099 0.343166
2493 -0.679099 0.343166
2494 -0.679099 0.343166
2495 -0.679099 0.343166
2496 -0.679099 0.343166
2497 -0.679099 0.343166
2498 -0.679098 0.343167
2499 -0.679098 0.343167
2500 -0.679098 0.343167
2501 -0.679097 0.343167
2502 -0.679097 0.343167
2503 -0.679098 0.343167
2504 -0.679098 0.343167
2505 -0.679098 0.343167
2506 -0.679098 0.343167
2507 -0.679098 0.343167
2508 -0.679098 0.343167
2509 -0.679098 0.343167
2510 -0.679098 0.343167
2511 -0.679098 0.343167
2512 -0.679098 0.343167
2513 -0.679099 0.343166
2514 -0.679099 0.343166
2515 -0.679099 0.343166
2516 -0.679099 0.343166
2517 -0.679098 0.343167
2518 -0.679098 0.343167
2519 -0.679097 0.343167
2520 -0.679097 0.343167
2521 -0.679097 0.343167
2522 -0.679097 0.343167
2523 -0.679097 0.343167
2524 -0.679097 0.343167
2525 -0.679097 0.343167
2526 -0.679097 0.343167
2527 -0.679098 0.343167
2528 -0.679098 0.343167
2529 -0.679098 0.343167
2530 -0.679098 0.343167
2531 -0.679098 0.343167
2532 -0.679099 0.343166
2533 -0.679099 0.343166
2534 -0.679099 0.343166
2535 -0.679099 0.343166
2536 -0.679099 0.341469
2537 -0.679099 0.341468
2538 -0.679099 0.341468
2539 -0.6791 0.341468
2540 -0.6791 0.341468
2541 -0.6791 0.341468
2542 -0.679099 0.341469
2543 -0.679099 0.341469
2544 -0.679099 0.341469
2545 -0.679098 0.341469
2546 -0.679098 0.341469
2547 -0.679098 0.341469
2548 -0.679098 0.341469
2549 -0.679097 0.341469
2550 -0.679097 0.341469
2551 -0.679097 0.341469
2552 -0.679098 0.341469
2553 -0.679098 0.341469
2554 -0.679098 0.341469
2555 -0.679098 0.341469
2556 -0.679098 0.341469
2557 -0.679098 0.341469
2558 -0.679098 0.341469
2559 -0.679099 0.341469
2560 -0.679099 0.341469
2561 -0.679099 0.341469
2562 -0.679099 0.341469
2563 -0.679099 0.341469
2564 -0.679099 0.341469
2565 -0.679099 0.341469
2566 -0.679099 0.341469
2567 -0.679099 0.341469
2568 -0.679098 0.341469
2569 -0.679098 0.341469
2570 -0.679098 0.341469
2571 -0.679097 0.341469
2572 -0.679097 0.341469
2573 -0.679098 0.341469
2574 -0.679098 0.341469
2575 -0.679098 0.341469
2576 -0.679098 0.341469
2577 -0.679098 0.341469
2578 -0.679098 0.341469
2579 -0.679098 0.341469
2580 -0.679099 0.341469
2581 -0.679099 0.341469
2582 -0.679099 0.341469
2583 -0.679099 0.341469
2584 -0.679099 0.341469
2585 -0.679099 0.341468
2586 -0.679099 0.341468
2587 -0.679099 0.341468
2588 -0.679099 0.341469
2589 -0.679099 0.341469
2590 -0.679099 0.341469
2591 -0.679099 0.341469
2592 -0.679099 0.341469
2593 -0.679099 0.341469
2594 -0.679099 0.341469
2595 -0.679099 0.341469
2596 -0.679099 0.341469
2597 -0.679099 0.341469
2598 -0.679099 0.341469
2599 -0.679099 0.341468
2600 -0.679099 0.341468
2601 -0.679099 0.341468
2602 -0.6791 0.341468
2603 -0.6791 0.341468
2604 -0.6791 0.341468
2605 -0.6791 0.339771
2606 -0.6791 0.33977
2607 -0.6791 0.33977
2608 -0.6791 0.33977
2609 -0.6791 0.339771
2610 -0.679099 0.339771
2611 -0.679099 0.339771
2612 -0.679098 0.339771
2613 -0.679098 0.339771
2614 -0.679098 0.339771
2615 -0.679097 0.339771
2616 -0.679097 0.339771
2617 -0.679098 0.339771
2618 -0.679098 0.339771
2619 -0.679098 0.339771
2620 -0.679098 0.339771
2621 -0.679098 0.339771
2622 -0.679098 0.339771
2623 -0.679098 0.339771
2624 -0.679098 0.339771
2625 -0.679099 0.339771
2626 -0.679099 0.339771
2627 -0.679099 0.339771
2628 -0.679099 0.339771
2629 -0.679099 0.339771
2630 -0.679099 0.339771
2631 -0.679099 0.339771
2632 -0.6791 0.339771
2633 -0.6791 0.339771
2634 -0.6791 0.339771
2635 -0.6791 0.339771
2636 -0.679099 0.339771
2637 -0.679099 0.339771
2638 -0.679099 0.339771
2639 -0.679098 0.339771
2640 -0.679098 0.339771
2641 -0.679098 0.339771
2642 -0.679098 0.339771
2643 -0.679097 0.339771
2644 -0.679097 0.339771
2645 -0.679097 0.339771
2646 -0.679098 0.339771
2647 -0.679098 0.339771
2648 -0.679098 0.339771
2649 -0.679098 0.339771
2650 -0.679098 0.339771
2651 -0.679099 0.339771
2652 -0.679099 0.339771
2653 -0.679099 0.339771
2654 -0.679099 0.339771
2655 -0.679099 0.339771
2656 -0.679099 0.339771
2657 -0.679099 0.339771
2658 -0.679099 0.339771
2659 -0.679099 0.339771
2660 -0.679099 0.339771
2661 -0.679099 0.339771
2662 -0.679099 0.339771
2663 -0.679098 0.339771
2664 -0.679098 0.339771
2665 -0.679099 0.339771
2666 -0.679099 0.339771
2667 -0.679099 0.339771
2668 -0.679099 0.339771
2669 -0.679099 0.339771
2670 -0.679099 0.339771
2671 -0.679099 0.338073
2672 -0.679099 0.338073
2673 -0.6791 0.338073
2674 -0.6791 0.338073
2675 -0.6791 0.338073
2676 -0.6791 0.338073
2677 -0.6791 0.338073
2678 -0.6791 0.338073
2679 -0.6791 0.338073
2680 -0.6791 0.338073
2681 -0.6791 0.338073
2682 -0.679099 0.338073
2683 -0.679099 0.338073
2684 -0.679099 0.338073
2685 -0.679098 0.338073
2686 -0.679098 0.338073
2687 -0.679098 0.338073
2688 -0.679098 0.338073
2689 -0.679098 0.338073
2690 -0.679098 0.338073
2691 -0.679098 0.338073
2692 -0.679098 0.338073
2693 -0.679098 0.338073
2694 -0.679099 0.338073
2695 -0.679099 0.338073
2696 -0.679099 0.338073
2697 -0.679099 0.338073
2698 -0.679099 0.338073
2699 -0.679099 0.338073
2700 -0.679099 0.338073
2701 -0.679099 0.338073
2702 -0.679099 0.338073
2703 -0.679099 0.338073
2704 -0.679098 0.338073
2705 -0.679098 0.338073
2706 -0.679098 0.338073
2707 -0.679098 0.338073
2708 -0.679098 0.338073
2709 -0.679098 0.338073
2710 -0.679098 0.338073
2711 -0.679099 0.338073
2712 -0.679099 0.338073
2713 -0.679099 0.338073
2714 -0.679099 0.338073
2715 -0.679099 0.338073
2716 -0.679099 0.338073
2717 -0.679099 0.338073
2718 -0.6791 0.338073
2719 -0.6791 0.338073
2720 -0.6791 0.338073
2721 -0.6791 0.338073
2722 -0.6791 0.338073
2723 -0.6791 0.338073
2724 -0.6791 0.338073
2725 -0.6791 0.338073
2726 -0.6791 0.338073
2727 -0.6791 0.338073
2728 -0.6791 0.338073
2729 -0.6791 0.338073
2730 -0.679099 0.338073
2731 -0.679099 0.338073
2732 -0.679099 0.338073
2733 -0.679099 0.338073
2734 -0.679099 0.338073
2735 -0.679099 0.338073
2736 -0.679099 0.338073
2737 -0.679099 0.338073
2738 -0.679099 0.338073
2739 -0.679099 0.338073
2740 -0.679099 0.336375
2741 -0.679099 0.336375
2742 -0.6791 0.336375
2743 -0.6791 0.336375
2744 -0.6791 0.336375
2745 -0.6791 0.336375
2746 -0.6791 0.336375
2747 -0.6791 0.336375
2748 -0.6791 0.336375
2749 -0.6791 0.336375
2750 -0.6791 0.336375
2751 -0.6791 0.336375
2752 -0.6791 0.336375
2753 -0.6791 0.336375
2754 -0.6791 0.336375
2755 -0.6791 0.336375
2756 -0.6791 0.336375
2757 -0.6791 0.336375
2758 -0.6791 0.336375
2759 -0.679099 0.336375
2760 -0.679099 0.336375
2761 -0.679099 0.336375
2762 -0.679099 0.336375
2763 -0.679099 0.336375
2764 -0.679099 0.336375
2765 -0.679099 0.336375
2766 -0.679099 0.336375
2767 -0.679099 0.336375
2768 -0.679099 0.336375
2769 -0.6791 0.336375
2770 -0.6791 0.336375
2771 -0.6791 0.336375
2772 -0.6791 0.336375
2773 -0.6791 0.336375
2774 -0.6791 0.336375
2775 -0.6791 0.336375
2776 -0.6791 0.336375
2777 -0.679099 0.336375
2778 -0.679099 0.336375
2779 -0.679099 0.336375
2780 -0.679099 0.336375
2781 -0.679098 0.336376
2782 -0.679098 0.336376
2783 -0.679098 0.336376
2784 -0.679098 0.336376
2785 -0.679098 0.336376
2786 -0.679098 0.336376
2787 -0.679098 0.336376
2788 -0.679098 0.336376
2789 -0.679098 0.336376
2790 -0.679098 0.336376
2791 -0.679099 0.336375
2792 -0.679099 0.336375
2793 -0.679099 0.336375
2794 -0.679099 0.336375
2795 -0.679099 0.336375
2796 -0.679099 0.336375
2797 -0.679099 0.336375
2798 -0.679099 0.336375
2799 -0.679099 0.336375
2800 -0.679098 0.336376
2801 -0.679098 0.336376
2802 -0.679098 0.336376
2803 -0.679098 0.336376
2804 -0.679098 0.336376
2805 -0.679098 0.336376
2806 -0.679098 0.336376
2807 -0.679098 0.336376
2808 -0.679099 0.334678
2809 -0.679099 0.334678
2810 -0.679099 0.334678
2811 -0.679099 0.334678
2812 -0.679099 0.334677
2813 -0.679099 0.334677
2814 -0.679099 0.334677
2815 -0.6791 0.334677
2816 -0.6791 0.334677
2817 -0.6791 0.334677
2818 -0.6791 0.334677
2819 -0.6791 0.334677
2820 -0.6791 0.334677
2821 -0.6791 0.334677
2822 -0.679099 0.334677
2823 -0.679099 0.334677
2824 -0.679099 0.334677
2825 -0.679099 0.334678
2826 -0.679099 0.334678
2827 -0.679098 0.334678
2828 -0.679098 0.334678
2829 -0.679098 0.334678
2830 -0.679098 0.334678
2831 -0.679098 0.334678
2832 -0.679098 0.334678
2833 -0.679098 0.334678
2834 -0.679098 0.334678
2835 -0.679098 0.334678
2836 -0.679098 0.334678
2837 -0.679098 0.334678
2838 -0.679098 0.334678
2839 -0.679099 0.334678
2840 -0.679099 0.334678
2841 -0.679099 0.334678
2842 -0.679099 0.334678
2843 -0.679099 0.334677
2844 -0.679099 0.334677
2845 -0.6791 0.334677
2846 -0.6791 0.334677
2847 -0.6791 0.334677
2848 -0.6791 0.334677
2849 -0.6791 0.334677
2850 -0.6791 0.334677
2851 -0.679099 0.334678
2852 -0.679099 0.334678
2853 -0.679098 0.334678
2854 -0.679098 0.334678
2855 -0.679098 0.334678
2856 -0.679098 0.334678
2857 -0.679098 0.334678
2858 -0.679097 0.334678
2859 -0.679097 0.334678
2860 -0.679097 0.334678
2861 -0.679097 0.334678
2862 -0.679097 0.334678
2863 -0.679098 0.334678
2864 -0.679098 0.334678
2865 -0.679098 0.334678
2866 -0.679098 0.334678
2867 -0.679098 0.334678
2868 -0.679099 0.334678
2869 -0.679099 0.334678
2870 -0.679099 0.334678
2871 -0.679099 0.334678
2872 -0.679099 0.334678
2873 -0.679099 0.334678
2874 -0.6791 0.334677
2875 -0.6791 0.334677
2876 -0.6791 0.33298
2877 -0.6791 0.33298
2878 -0.6791 0.33298
2879 -0.6791 0.33298
2880 -0.6791 0.33298
2881 -0.679099 0.33298
2882 -0.679099 0.33298
2883 -0.679099 0.33298
2884 -0.679098 0.33298
2885 -0.679098 0.33298
2886 -0.679098 0.33298
2887 -0.679098 0.33298
2888 -0.679098 0.33298
2889 -0.679098 0.33298
2890 -0.679098 0.33298
2891 -0.679098 0.33298
2892 -0.679098 0.33298
2893 -0.679098 0.33298
2894 -0.679099 0.33298
2895 -0.679099 0.33298
2896 -0.679099 0.33298
2897 -0.679099 0.33298
2898 -0.679099 0.33298
2899 -0.6791 0.33298
2900 -0.6791 0.33298
2901 -0.6791 0.33298
2902 -0.6791 0.33298
2903 -0.6791 0.33298
2904 -0.6791 0.33298
2905 -0.6791 0.33298
2906 -0.6791 0.33298
2907 -0.6791 0.33298
2908 -0.6791 0.33298
2909 -0.6791 0.33298
2910 -0.679099 0.33298
2911 -0.679099 0.33298
2912 -0.679099 0.33298
2913 -0.679099 0.33298
2914 -0.679099 0.33298
2915 -0.679098 0.33298
2916 -0.679098 0.33298
2917 -0.679098 0.33298
2918 -0.679098 0.33298
2919 -0.679098 0.33298
2920 -0.679099 0.33298
2921 -0.679099 0.33298
2922 -0.679099 0.33298
2923 -0.679099 0.33298
2924 -0.679099 0.33298
2925 -0.6791 0.33298
2926 -0.6791 0.33298
2927 -0.6791 0.33298
2928 -0.6791 0.33298
2929 -0.6791 0.33298
2930 -0.6791 0.33298
2931 -0.6791 0.33298
