1 -0.0354572 -0.0108588
2 -0.0354572 -0.0108588
3 -0.035115 -0.0107862
4 -0.0283992 -0.00882958
5 -0.0280504 -0.00872493
6 -0.0280504 -0.00879506
7 -0.0280504 -0.00879506
8 -0.0280504 -0.00879506
9 -0.0278852 -0.0087455
10 -0.0335415 -0.0109933
11 -0.0244272 -0.00793847
12 -0.0275356 -0.00946435
13 -0.0366601 -0.0133047
14 0.0440447 0.0124579
15 0.0685422 0.0241125
16 0.0568421 0.0146056
17 0.000770781 -0.0096869
18 -0.0860462 -0.0261999
19 -0.160894 -0.061687
20 -0.0997866 -0.0205683
21 -0.103962 -0.0322091
22 -0.140892 -0.0498723
23 -0.182887 -0.0637365
24 -0.207557 -0.0639984
25 -0.215757 -0.0683816
26 -0.200358 -0.0602702
27 -0.157468 -0.0500209
28 -0.102901 -0.0246998
29 -0.0338811 -0.00170808
30 0.0319397 0.00630484
31 0.0951613 0.0361779
32 0.157578 0.0441551
33 0.209798 0.069158
34 0.24995 0.0797264
35 0.279641 0.0818079
36 0.140262 0.0168246
37 0.098455 0.0211684
38 0.108843 0.0313919
39 0.119392 0.0366352
40 0.152408 0.0506991
41 0.193948 0.0575485
42 0.0436585 -0.0127906
43 0.0683311 0.0244947
44 0.115966 0.034591
45 0.167728 0.0592737
46 0.214248 0.072816
47 0.246854 0.0746894
48 0.276187 0.0891296
49 0.188225 0.0433815
50 0.272074 0.0983193
51 0.31779 0.106289
52 0.382381 0.12975
53 0.427403 0.132276
54 0.424592 0.131433
55 0.421651 0.131108
56 0.419053 0.130829
57 0.416898 0.130182
58 0.41686 0.131207
59 0.416775 0.131188
60 0.416634 0.131146
61 0.416182 0.13101
62 0.218741 0.0565825
63 0.207496 0.0686125
64 0.195157 0.0652284
65 0.182032 0.0633883
66 0.171041 0.058664
67 0.166755 0.0589405
68 0.154359 0.05595
69 0.15114 0.0548189
70 0.140566 0.0507613
71 0.132176 0.0500417
72 0.126069 0.0474941
73 0.122232 0.0470392
74 0.0369921 0.0221197
75 -0.00757571 0.00120958
76 0.0497638 0.0259879
77 0.0191009 0.0116625
78 0.0131913 0.014138
79 0.0103118 0.0142788
80 0.045717 0.0309893
81 0.152162 0.0752471
82 0.138462 0.0530412
83 0.216295 0.0900663
84 0.245755 0.0912584
85 0.185334 0.0681239
86 0.200065 0.0755291
87 0.193395 0.0703818
88 0.173223 0.0654641
89 0.146983 0.0535316
90 0.18015 0.0679425
91 0.12943 0.0444911
92 0.0904119 0.0350497
93 0.0615151 0.0330138
94 0.0444688 0.0251345
95 0.0800493 0.0449109
96 0.052265 0.0305269
97 0.0383008 0.0240769
98 0.0313519 0.0232719
99 0.030849 0.0243024
100 0.0350986 0.0263821
101 0.0426843 0.0293222
102 0.0496343 0.0314145
103 0.0447578 0.0287701
104 0.0587218 0.0354625
105 0.0647094 0.0360571
106 0.0692755 0.036409
107 0.0704833 0.0371514
108 0.112961 0.0571399
109 0.10499 0.0464448
110 0.12429 0.0571572
111 0.109803 0.0473601
112 0.101761 0.0463078
113 0.12007 0.0531674
114 0.0747028 0.0320885
115 0.0745566 0.0397569
116 0.074526 0.0399289
117 0.0745807 0.0399505
