1 -0.0102089 -0.00306268
2 -0.0294766 -0.00884297
3 -0.035115 -0.0105345
4 -0.0283992 -0.00851976
5 -0.0280504 -0.00842637
6 -0.0280504 -0.00848567
7 -0.0280504 -0.00848567
8 -0.0280504 -0.00848567
9 -0.0280504 -0.00848567
10 -0.0280504 -0.00848567
11 -0.0280504 -0.00848567
12 -0.0280504 -0.00848567
13 -0.0280504 -0.0085558
14 -0.0278852 -0.00850623
15 -0.0228293 -0.00698947
16 -0.0275224 -0.00925817
17 -0.0266505 -0.00819877
18 -0.0261073 -0.00803582
19 -0.0304678 -0.00934397
20 0.0479032 0.0275122
21 0.157662 0.0471167
22 0.18994 0.0568003
23 0.167502 0.0500688
24 0.115047 0.025768
25 0.0512222 0.015538
26 0.109103 0.0329022
27 0.108625 0.0329498
28 0.069505 0.021295
29 0.0181475 0.00588776
30 -0.0382232 -0.0110234
31 -0.0882114 -0.0346759
32 -0.127676 -0.0380173
33 -0.15052 -0.0448706
34 -0.16211 -0.0483475
35 -0.162781 -0.0490691
36 -0.155451 -0.0467561
37 -0.14491 -0.0435937
38 -0.132167 -0.0397709
39 -0.119648 -0.0342015
40 -0.112329 -0.0341341
41 -0.181306 -0.0548274
42 -0.294774 -0.0888676
43 -0.328782 -0.105631
44 -0.311925 -0.0947924
45 -0.258726 -0.0788327
46 -0.197649 -0.0605096
47 -0.256369 -0.0886753
48 -0.257195 -0.0789407
49 -0.222068 -0.0684027
50 -0.164466 -0.0511221
51 -0.109167 -0.0254738
52 -0.0563516 -0.0190299
53 -0.0101217 -0.00516092
54 -0.100877 -0.0479547
55 -0.0173311 -0.00746251
56 0.0585594 0.0153046
57 0.111053 0.0310527
58 0.149021 0.042443
59 0.149736 0.0431527
60 0.149089 0.0428368
61 0.148551 0.0426755
62 0.148162 0.0425589
63 0.148163 0.0425593
64 0.148172 0.0425619
65 0.148177 0.0425635
66 0.148178 0.0425636
67 0.14818 0.042935
68 0.148182 0.0429355
69 0.148185 0.0429361
70 0.148195 0.0429392
71 0.148208 0.0429432
72 0.0157884 -0.0190892
73 0.0137029 0.00279658
74 0.0111202 0.00202179
75 0.00891685 0.00101125
76 0.007716 0.00102557
77 0.00736797 0.000921155
78 0.00821942 0.00117659
79 0.00908894 0.0016069
80 0.00975431 0.00165869
81 0.0108647 0.00199182
82 0.0120284 0.00234091
83 0.0130448 0.00284996
84 0.009077 0.00148684
85 -0.0686626 -0.021835
86 -0.107999 -0.0336361
87 -0.112811 -0.0361737
88 -0.0966799 -0.0305162
89 -0.0676302 -0.0218013
90 -0.0347882 -0.0119487
91 0.0795225 0.0418332
92 0.144512 0.0418974
93 0.166771 0.0485749
94 0.164316 0.0478384
95 0.139364 0.0364905
96 0.107105 0.0310547
97 0.0725706 0.0206944
98 0.0439288 0.0121019
99 0.0231286 0.00240961
100 0.00877375 0.00163919
101 0.00145164 -0.00055744
102 -0.00024155 -0.0010654
103 0.00181057 -0.000449761
104 0.00615702 0.00160303
105 0.0113507 0.00242224
106 0.0166896 0.00402391
107 0.0204444 0.00515035
108 0.0237176 0.00674393
109 0.0256975 0.00678148
110 0.0258402 0.0068243
111 0.0259091 0.00684496
112 0.0260149 0.00695958
113 0.0260971 0.00696626
114 0.0257684 0.00686766
115 0.025279 0.00672084
116 0.0248144 0.00656508
117 0.024709 0.00661246
118 0.0258563 0.00695663
119 0.0262074 0.00706198
120 0.0258217 0.00694574
121 0.0250322 0.00677446
122 0.0237996 0.00640465
123 0.0223261 0.00576977
124 0.0207728 0.00555429
125 0.0207493 0.00554724
126 0.0207284 0.00554095
127 0.0207032 0.00553341
128 0.0206908 0.00552969
129 0.0206925 0.00553019
130 0.020696 0.00553124
131 0.020699 0.00558439
132 0.0207012 0.00558455
133 0.0207039 0.00558536
134 0.020706 0.00558599
135 0.0207082 0.00558664
136 0.0207125 0.00558794
137 0.0207158 0.00558892
138 -0.00792154 -0.00785463
139 -0.13963 -0.0424989
140 -0.380813 -0.114854
141 -0.735283 -0.28285
142 -1.0595 -0.319854
143 -1.32103 -0.398315
144 -1.52275 -0.458829
145 -1.34675 -0.379696
146 -1.25596 -0.38238
147 -1.21896 -0.37128
148 -1.22339 -0.372608
149 -1.25201 -0.389157
150 -1.29015 -0.39573
151 -1.32388 -0.405851
152 -1.35177 -0.414217
153 -1.3674 -0.418905
154 -1.36977 -0.423444
155 -1.36291 -0.420981
156 -1.34813 -0.416548
157 -1.32862 -0.410692
158 -1.30614 -0.403422
159 -1.28223 -0.400071
160 -1.26164 -0.393894
161 -1.24391 -0.388573
162 -1.22994 -0.385102
163 -1.21709 -0.383621
164 -1.2082 -0.382473
165 -1.20222 -0.382192
166 -1.19794 -0.380906
167 -1.19333 -0.379525
168 -1.19311 -0.379459
169 -1.19129 -0.381581
170 -1.18996 -0.381493
171 -1.18892 -0.381181
172 -1.18889 -0.381172
173 -1.18887 -0.381166
174 -1.18884 -0.381157
175 -1.18882 -0.381153
176 -1.18881 -0.381148
177 -1.18879 -0.381143
178 -1.18879 -0.381143
179 -1.18879 -0.381143
180 -1.18879 -0.381142
181 -1.18878 -0.384112
182 -1.18878 -0.384112
183 -1.18878 -0.384112
184 -1.18878 -0.384111
185 -1.18878 -0.38411
186 -1.18878 -0.38411
187 -1.18877 -0.38411
188 -1.18877 -0.384109
189 -1.18877 -0.384109
190 -1.18877 -0.384109
191 -1.18877 -0.384108
192 -1.18877 -0.384107
193 -1.18877 -0.384107
194 -1.18876 -0.384106
195 -1.18876 -0.384106
196 -1.18876 -0.384106
197 -1.18876 -0.384105
198 -1.18876 -0.384105
199 -1.18876 -0.384105
200 -1.18876 -0.384104
201 -1.18875 -0.384104
202 -1.18875 -0.384104
203 -1.18875 -0.384103
204 -1.18875 -0.384103
205 -1.18875 -0.384103
206 -1.18875 -0.384102
207 -1.18875 -0.384102
208 -1.18875 -0.384102
209 -1.18875 -0.384101
210 -1.18874 -0.384101
211 -1.18874 -0.3841
212 -1.18874 -0.3841
213 -1.18874 -0.3841
214 -1.18874 -0.384099
215 -1.18874 -0.384099
216 -1.18874 -0.384099
217 -1.18874 -0.384099
218 -1.18874 -0.384098
219 -1.18874 -0.384098
220 -1.18873 -0.384098
221 -1.18873 -0.384097
222 -1.18873 -0.384097
223 -1.18873 -0.384097
224 -1.18873 -0.384097
225 -1.18873 -0.384096
226 -1.18873 -0.384096
227 -1.18873 -0.384095
228 -1.18873 -0.384095
229 -1.18873 -0.384095
230 -1.18872 -0.384095
231 -1.18872 -0.384094
232 -1.18872 -0.384094
233 -1.18872 -0.384094
234 -1.18872 -0.384094
235 -1.18872 -0.384094
236 -1.18872 -0.384094
237 -1.18872 -0.384093
238 -1.18872 -0.384093
239 -1.18872 -0.384093
240 -1.18872 -0.384093
241 -1.18872 -0.384093
242 -1.18872 -0.384093
243 -1.18872 -0.387065
244 -1.18872 -0.387065
245 -1.18872 -0.387065
246 -1.18872 -0.387065
247 -1.18872 -0.387064
248 -1.18872 -0.387064
249 -1.18872 -0.387064
250 -1.18872 -0.387064
251 -1.18872 -0.387064
252 -1.18871 -0.387064
253 -1.18871 -0.387063
254 -1.18871 -0.387063
255 -1.18871 -0.387063
256 -1.18871 -0.387063
257 -1.18871 -0.387063
258 -1.18871 -0.387062
259 -1.18871 -0.387062
260 -1.18871 -0.387062
261 -1.18871 -0.387062
262 -1.18871 -0.387062
263 -1.18871 -0.387062
264 -1.18871 -0.387062
265 -1.18871 -0.387062
266 -1.18871 -0.387062
267 -1.18871 -0.387062
268 -1.18871 -0.387062
269 -1.18871 -0.387062
270 -1.18871 -0.387061
271 -1.18871 -0.387061
272 -1.18871 -0.387061
273 -1.18871 -0.387061
274 -1.18871 -0.387061
275 -1.18871 -0.387061
276 -1.18871 -0.387061
277 -1.1887 -0.387061
278 -1.1887 -0.38706
279 -1.1887 -0.38706
280 -1.1887 -0.38706
281 -1.1887 -0.38706
282 -1.1887 -0.38706
283 -1.1887 -0.387059
284 -1.1887 -0.387059
285 -1.1887 -0.387059
286 -1.1887 -0.387059
287 -1.1887 -0.387059
288 -1.1887 -0.387059
289 -1.1887 -0.387059
290 -1.1887 -0.387059
291 -1.1887 -0.387059
292 -1.1887 -0.387059
293 -1.1887 -0.387059
294 -1.1887 -0.387059
295 -1.1887 -0.387059
296 -1.1887 -0.387058
297 -1.1887 -0.387058
298 -1.1887 -0.387058
299 -1.1887 -0.387058
300 -1.1887 -0.387058
301 -1.1887 -0.387058
302 -1.1887 -0.387058
303 -1.18869 -0.387058
304 -1.18869 -0.387057
305 -1.18869 -0.387057
306 -1.18869 -0.390029
307 -1.18869 -0.390029
308 -1.18869 -0.390029
309 -1.18869 -0.390029
310 -1.18869 -0.390028
311 -1.18869 -0.390028
312 -1.18869 -0.390028
313 -1.18869 -0.390028
314 -1.18869 -0.390028
315 -1.18869 -0.390028
316 -1.18869 -0.390028
317 -1.18869 -0.390028
318 -1.18869 -0.390028
319 -1.18869 -0.390028
320 -1.18869 -0.390028
321 -1.18869 -0.390028
322 -1.18869 -0.390027
323 -1.18869 -0.390027
324 -1.18869 -0.390027
325 -1.18869 -0.390027
326 -1.18869 -0.390027
327 -1.18869 -0.390027
328 -1.18869 -0.390027
329 -1.18869 -0.390027
330 -1.18869 -0.390027
331 -1.18869 -0.390027
332 -1.18868 -0.390026
333 -1.18868 -0.390026
334 -1.18868 -0.390026
335 -1.18868 -0.390026
336 -1.18868 -0.390026
337 -1.18868 -0.390026
338 -1.18868 -0.390025
339 -1.18868 -0.390025
340 -1.18868 -0.390025
341 -1.18868 -0.390025
342 -1.18868 -0.390025
343 -1.18868 -0.390025
344 -1.18868 -0.390025
345 -1.18868 -0.390025
346 -1.18868 -0.390025
347 -1.18868 -0.390025
348 -1.18868 -0.390025
349 -1.18868 -0.390025
350 -1.18868 -0.390025
351 -1.18868 -0.390025
352 -1.18868 -0.390025
353 -1.18868 -0.390024
354 -1.18868 -0.390024
355 -1.18868 -0.390024
356 -1.18868 -0.390024
357 -1.18868 -0.390024
358 -1.18868 -0.390024
359 -1.18868 -0.390023
360 -1.18867 -0.390023
361 -1.18867 -0.390023
362 -1.18867 -0.390023
363 -1.18867 -0.390023
364 -1.18867 -0.390023
365 -1.18867 -0.390022
366 -1.18867 -0.390022
367 -1.18867 -0.390022
368 -1.18867 -0.392994
369 -1.18867 -0.392994
370 -1.18867 -0.392994
371 -1.18867 -0.392994
372 -1.18867 -0.392994
373 -1.18867 -0.392994
374 -1.18867 -0.392994
375 -1.18867 -0.392994
376 -1.18867 -0.392994
377 -1.18867 -0.392993
378 -1.18867 -0.392993
379 -1.18867 -0.392993
380 -1.18867 -0.392993
381 -1.18867 -0.392993
382 -1.18867 -0.392993
383 -1.18867 -0.392993
384 -1.18867 -0.392992
385 -1.18867 -0.392992
386 -1.18867 -0.392992
387 -1.18866 -0.392992
388 -1.18866 -0.392992
389 -1.18866 -0.392992
390 -1.18866 -0.392992
391 -1.18866 -0.392991
392 -1.18866 -0.392991
393 -1.18866 -0.392991
394 -1.18866 -0.392991
395 -1.18866 -0.392991
396 -1.18866 -0.392991
397 -1.18866 -0.392991
398 -1.18866 -0.392991
399 -1.18866 -0.392991
400 -1.18866 -0.392991
401 -1.18866 -0.392991
402 -1.18866 -0.392991
403 -1.18866 -0.392991
404 -1.18866 -0.392991
405 -1.18866 -0.39299
406 -1.18866 -0.39299
407 -1.18866 -0.39299
408 -1.18866 -0.39299
409 -1.18866 -0.39299
410 -1.18866 -0.39299
411 -1.18866 -0.392989
412 -1.18866 -0.392989
413 -1.18866 -0.392989
414 -1.18865 -0.392989
415 -1.18865 -0.392989
416 -1.18865 -0.392989
417 -1.18865 -0.392988
418 -1.18865 -0.392988
419 -1.18865 -0.392988
420 -1.18865 -0.392988
421 -1.18865 -0.392988
422 -1.18865 -0.392988
423 -1.18865 -0.392988
424 -1.18865 -0.392988
425 -1.18865 -0.392988
426 -1.18865 -0.392987
427 -1.18865 -0.392987
428 -1.18865 -0.392987
429 -1.18865 -0.392987
430 -1.18865 -0.392987
431 -1.18865 -0.395958
432 -1.18865 -0.395958
433 -1.18865 -0.395958
434 -1.18865 -0.395958
435 -1.18864 -0.395958
436 -1.18864 -0.395957
437 -1.18864 -0.395957
438 -1.18864 -0.395957
439 -1.18864 -0.395957
440 -1.18864 -0.395957
441 -1.18864 -0.395956
442 -1.18864 -0.395956
443 -1.18864 -0.395956
444 -1.18864 -0.395956
445 -1.18864 -0.395956
446 -1.18864 -0.395956
447 -1.18864 -0.395956
448 -1.18864 -0.395956
449 -1.18864 -0.395956
450 -1.18864 -0.395956
451 -1.18864 -0.395956
452 -1.18864 -0.395956
453 -1.18864 -0.395956
454 -1.18864 -0.395956
455 -1.18864 -0.395956
456 -1.18864 -0.395955
457 -1.18864 -0.395955
458 -1.18864 -0.395955
459 -1.18864 -0.395955
460 -1.18864 -0.395955
461 -1.18864 -0.395955
462 -1.18863 -0.395955
463 -1.18863 -0.395954
464 -1.18863 -0.395954
465 -1.18863 -0.395954
466 -1.18863 -0.395954
467 -1.18863 -0.395954
468 -1.18863 -0.395954
469 -1.18863 -0.395954
470 -1.18863 -0.395954
471 -1.18863 -0.395954
472 -1.18863 -0.395953
473 -1.18863 -0.395953
474 -1.18863 -0.395953
475 -1.18863 -0.395953
476 -1.18863 -0.395953
477 -1.18863 -0.395953
478 -1.18863 -0.395953
479 -1.18863 -0.395953
480 -1.18863 -0.395952
481 -1.18863 -0.395952
482 -1.18863 -0.395952
483 -1.18862 -0.395952
484 -1.18862 -0.395952
485 -1.18862 -0.395951
486 -1.18862 -0.395951
487 -1.18862 -0.395951
488 -1.18862 -0.395951
489 -1.18862 -0.395951
490 -1.18862 -0.395951
491 -1.18862 -0.395951
492 -1.18862 -0.39595
493 -1.18862 -0.398921
494 -1.18862 -0.398921
495 -1.18862 -0.398921
496 -1.18862 -0.398921
497 -1.18862 -0.398921
498 -1.18862 -0.398921
499 -1.18862 -0.398921
500 -1.18862 -0.398921
501 -1.18862 -0.398921
502 -1.18862 -0.39892
503 -1.18861 -0.39892
504 -1.18861 -0.39892
505 -1.18861 -0.39892
506 -1.18861 -0.39892
507 -1.18861 -0.39892
508 -1.18861 -0.398919
509 -1.18861 -0.398919
510 -1.18861 -0.398919
511 -1.18861 -0.398919
512 -1.18861 -0.398919
513 -1.18861 -0.398919
514 -1.18861 -0.398918
515 -1.18861 -0.398918
516 -1.18861 -0.398918
517 -1.18861 -0.398918
518 -1.18861 -0.398918
519 -1.18861 -0.398917
520 -1.18861 -0.398917
521 -1.1886 -0.398917
522 -1.1886 -0.398917
523 -1.1886 -0.398917
524 -1.1886 -0.398917
525 -1.1886 -0.398917
526 -1.1886 -0.398916
527 -1.1886 -0.398916
528 -1.1886 -0.398916
529 -1.1886 -0.398916
530 -1.1886 -0.398916
531 -1.1886 -0.398916
532 -1.1886 -0.398916
533 -1.1886 -0.398916
534 -1.1886 -0.398915
535 -1.1886 -0.398915
536 -1.1886 -0.398915
537 -1.1886 -0.398915
538 -1.1886 -0.398914
539 -1.18859 -0.398914
540 -1.18859 -0.398914
541 -1.18859 -0.398914
542 -1.18859 -0.398914
543 -1.18859 -0.398913
544 -1.18859 -0.398913
545 -1.18859 -0.398913
546 -1.18859 -0.398913
547 -1.18859 -0.398913
548 -1.18859 -0.398913
549 -1.18859 -0.398913
550 -1.18859 -0.398913
551 -1.18859 -0.398913
552 -1.18859 -0.398913
553 -1.18859 -0.398913
554 -1.18859 -0.398913
555 -1.18859 -0.398913
556 -1.18859 -0.401884
557 -1.18859 -0.401884
558 -1.18859 -0.401884
559 -1.18859 -0.401884
560 -1.18859 -0.401884
561 -1.18859 -0.401884
562 -1.18859 -0.401883
563 -1.18859 -0.401883
564 -1.18859 -0.401883
565 -1.18859 -0.401883
566 -1.18859 -0.401883
567 -1.18858 -0.401883
568 -1.18858 -0.401882
569 -1.18858 -0.401882
570 -1.18858 -0.401882
571 -1.18858 -0.401882
572 -1.18858 -0.401882
573 -1.18858 -0.401882
574 -1.18858 -0.401881
575 -1.18858 -0.401881
576 -1.18858 -0.401881
577 -1.18858 -0.401881
578 -1.18858 -0.401881
579 -1.18858 -0.401881
580 -1.18858 -0.401881
581 -1.18858 -0.401881
582 -1.18858 -0.401881
583 -1.18858 -0.40188
584 -1.18858 -0.40188
585 -1.18858 -0.40188
586 -1.18858 -0.40188
587 -1.18857 -0.40188
588 -1.18857 -0.401879
589 -1.18857 -0.401879
590 -1.18857 -0.401879
591 -1.18857 -0.401879
592 -1.18857 -0.401879
593 -1.18857 -0.401879
594 -1.18857 -0.401878
595 -1.18857 -0.401878
596 -1.18857 -0.401878
597 -1.18857 -0.401878
598 -1.18857 -0.401878
599 -1.18857 -0.401878
600 -1.18857 -0.401877
601 -1.18857 -0.401877
602 -1.18857 -0.401877
603 -1.18857 -0.401877
604 -1.18857 -0.401877
605 -1.18857 -0.401877
606 -1.18856 -0.401877
607 -1.18856 -0.401876
608 -1.18856 -0.401876
609 -1.18856 -0.401876
610 -1.18856 -0.401876
611 -1.18856 -0.401876
612 -1.18856 -0.401876
613 -1.18856 -0.401876
614 -1.18856 -0.401875
615 -1.18856 -0.401875
616 -1.18856 -0.401875
617 -1.18856 -0.401875
618 -1.18856 -0.404846
619 -1.18856 -0.404846
620 -1.18856 -0.404845
621 -1.18856 -0.404845
622 -1.18856 -0.404845
623 -1.18855 -0.404845
624 -1.18855 -0.404845
625 -1.18855 -0.404845
626 -1.18855 -0.404844
627 -1.18855 -0.404844
628 -1.18855 -0.404844
629 -1.18855 -0.404844
630 -1.18855 -0.404844
631 -1.18855 -0.404844
632 -1.18855 -0.404844
633 -1.18855 -0.404844
634 -1.18855 -0.404843
635 -1.18855 -0.404843
636 -1.18855 -0.404843
637 -1.18855 -0.404843
638 -1.18855 -0.404843
639 -1.18855 -0.404843
640 -1.18855 -0.404842
641 -1.18855 -0.404842
642 -1.18855 -0.404842
643 -1.18854 -0.404842
644 -1.18854 -0.404842
645 -1.18854 -0.404841
646 -1.18854 -0.404841
647 -1.18854 -0.404841
648 -1.18854 -0.404841
649 -1.18854 -0.404841
650 -1.18854 -0.40484
651 -1.18854 -0.40484
652 -1.18854 -0.40484
653 -1.18854 -0.40484
654 -1.18854 -0.40484
655 -1.18854 -0.40484
656 -1.18854 -0.40484
657 -1.18854 -0.40484
658 -1.18854 -0.40484
659 -1.18854 -0.40484
660 -1.18854 -0.40484
661 -1.18854 -0.40484
662 -1.18854 -0.40484
663 -1.18854 -0.40484
664 -1.18854 -0.40484
665 -1.18854 -0.404839
666 -1.18854 -0.404839
667 -1.18853 -0.404839
668 -1.18853 -0.404839
669 -1.18853 -0.404839
670 -1.18853 -0.404839
671 -1.18853 -0.404838
672 -1.18853 -0.404838
673 -1.18853 -0.404838
674 -1.18853 -0.404838
675 -1.18853 -0.404838
676 -1.18853 -0.404837
677 -1.18853 -0.404837
678 -1.18853 -0.404837
679 -1.18853 -0.404837
680 -1.18853 -0.404837
681 -1.18853 -0.407809
682 -1.18853 -0.407809
683 -1.18853 -0.407809
684 -1.18853 -0.407809
685 -1.18853 -0.407808
686 -1.18853 -0.407808
687 -1.18853 -0.407808
688 -1.18853 -0.407808
689 -1.18853 -0.407808
690 -1.18853 -0.407808
691 -1.18853 -0.407808
692 -1.18853 -0.407808
693 -1.18853 -0.407807
694 -1.18853 -0.407807
695 -1.18852 -0.407807
696 -1.18852 -0.407807
697 -1.18852 -0.407807
698 -1.18852 -0.407807
699 -1.18852 -0.407806
700 -1.18852 -0.407806
701 -1.18852 -0.407806
702 -1.18852 -0.407806
703 -1.18852 -0.407806
704 -1.18852 -0.407806
705 -1.18852 -0.407806
706 -1.18852 -0.407806
707 -1.18852 -0.407806
708 -1.18852 -0.407806
709 -1.18852 -0.407806
710 -1.18852 -0.407806
711 -1.18852 -0.407806
712 -1.18852 -0.407806
713 -1.18852 -0.407806
714 -1.18852 -0.407805
715 -1.18852 -0.407805
716 -1.18852 -0.407805
717 -1.18852 -0.407805
718 -1.18852 -0.407805
719 -1.18852 -0.407805
720 -1.18852 -0.407805
721 -1.18851 -0.407804
722 -1.18851 -0.407804
723 -1.18851 -0.407804
724 -1.18851 -0.407804
725 -1.18851 -0.407804
726 -1.18851 -0.407804
727 -1.18851 -0.407803
728 -1.18851 -0.407803
729 -1.18851 -0.407803
730 -1.18851 -0.407803
731 -1.18851 -0.407803
732 -1.18851 -0.407803
733 -1.18851 -0.407803
734 -1.18851 -0.407803
735 -1.18851 -0.407803
736 -1.18851 -0.407803
737 -1.18851 -0.407803
738 -1.18851 -0.407803
739 -1.18851 -0.407803
740 -1.18851 -0.407803
741 -1.18851 -0.407803
742 -1.18851 -0.407802
743 -1.18851 -0.410773
744 -1.18851 -0.410773
745 -1.18851 -0.410773
746 -1.18851 -0.410773
747 -1.18851 -0.410773
748 -1.1885 -0.410773
749 -1.1885 -0.410772
750 -1.1885 -0.410772
751 -1.1885 -0.410772
752 -1.1885 -0.410772
753 -1.1885 -0.410772
754 -1.1885 -0.410772
755 -1.1885 -0.410772
756 -1.1885 -0.410772
757 -1.1885 -0.410772
758 -1.1885 -0.410772
759 -1.1885 -0.410772
760 -1.1885 -0.410772
761 -1.1885 -0.410771
762 -1.1885 -0.410771
763 -1.1885 -0.410771
764 -1.1885 -0.410771
765 -1.1885 -0.410771
766 -1.1885 -0.410771
767 -1.1885 -0.410771
768 -1.1885 -0.410771
769 -1.1885 -0.410771
770 -1.1885 -0.41077
771 -1.1885 -0.41077
772 -1.18849 -0.410769
773 -1.18849 -0.410769
774 -1.18849 -0.410768
775 -1.18849 -0.410768
776 -1.18849 -0.410768
777 -1.18849 -0.410767
778 -1.18849 -0.410767
779 -1.18848 -0.410766
780 -1.18848 -0.410766
781 -1.18848 -0.410766
782 -1.18848 -0.410765
783 -1.18848 -0.410765
784 -1.18848 -0.410765
785 -1.18848 -0.410765
786 -1.18848 -0.410764
787 -1.18848 -0.410764
788 -1.18847 -0.410764
789 -1.18847 -0.410764
790 -1.18847 -0.410763
791 -1.18847 -0.410763
792 -1.18847 -0.410763
793 -1.18847 -0.410763
794 -1.18847 -0.410762
795 -1.18847 -0.410762
796 -1.18847 -0.410762
797 -1.18847 -0.410761
798 -1.18847 -0.410761
799 -1.18847 -0.410761
800 -1.18847 -0.410761
801 -1.18846 -0.410761
802 -1.18846 -0.41076
803 -1.18846 -0.41076
804 -1.18846 -0.41076
805 -1.18846 -0.41076
806 -1.18846 -0.413731
807 -1.18846 -0.413731
808 -1.18846 -0.41373
809 -1.18846 -0.41373
810 -1.18846 -0.41373
811 -1.18846 -0.41373
812 -1.18846 -0.41373
813 -1.18846 -0.41373
814 -1.18846 -0.41373
815 -1.18846 -0.41373
816 -1.18846 -0.413729
817 -1.18846 -0.413729
818 -1.18846 -0.413729
819 -1.18845 -0.413729
820 -1.18845 -0.413729
821 -1.18845 -0.413728
822 -1.18845 -0.413728
823 -1.18845 -0.413728
824 -1.18845 -0.413728
825 -1.18845 -0.413728
826 -1.18845 -0.413727
827 -1.18845 -0.413727
828 -1.18845 -0.413727
829 -1.18845 -0.413727
830 -1.18845 -0.413727
831 -1.18845 -0.413726
832 -1.18845 -0.413726
833 -1.18844 -0.413726
834 -1.18844 -0.413726
835 -1.18844 -0.413726
836 -1.18844 -0.413726
837 -1.18844 -0.413725
838 -1.18844 -0.413725
839 -1.18844 -0.413725
840 -1.18844 -0.413725
841 -1.18844 -0.413725
842 -1.18844 -0.413725
843 -1.18844 -0.413725
844 -1.18844 -0.413724
845 -1.18844 -0.413724
846 -1.18844 -0.413724
847 -1.18844 -0.413724
848 -1.18844 -0.413724
849 -1.18844 -0.413724
850 -1.18844 -0.413723
851 -1.18844 -0.413723
852 -1.18844 -0.413723
853 -1.18843 -0.413723
854 -1.18843 -0.413723
855 -1.18843 -0.413722
856 -1.18843 -0.413722
857 -1.18843 -0.413722
858 -1.18843 -0.413722
859 -1.18843 -0.413722
860 -1.18843 -0.413722
861 -1.18843 -0.413722
862 -1.18843 -0.413722
863 -1.18843 -0.413722
864 -1.18843 -0.413722
865 -1.18843 -0.413721
866 -1.18843 -0.413721
867 -1.18843 -0.413721
868 -1.18843 -0.416692
869 -1.18843 -0.416692
870 -1.18843 -0.416692
871 -1.18843 -0.416692
872 -1.18843 -0.416692
873 -1.18843 -0.416692
874 -1.18843 -0.416691
875 -1.18843 -0.416691
876 -1.18843 -0.416691
877 -1.18843 -0.416691
878 -1.18842 -0.416691
879 -1.18842 -0.416691
880 -1.18842 -0.416691
881 -1.18842 -0.41669
882 -1.18842 -0.41669
883 -1.18842 -0.41669
884 -1.18842 -0.41669
885 -1.18842 -0.41669
886 -1.18842 -0.41669
887 -1.18842 -0.41669
888 -1.18842 -0.41669
889 -1.18842 -0.41669
890 -1.18842 -0.41669
891 -1.18842 -0.416689
892 -1.18842 -0.416689
893 -1.18842 -0.416689
894 -1.18842 -0.416689
895 -1.18842 -0.416689
896 -1.18842 -0.416689
897 -1.18842 -0.416689
898 -1.18842 -0.416689
899 -1.18842 -0.416688
900 -1.18842 -0.416688
901 -1.18842 -0.416688
902 -1.18842 -0.416688
903 -1.18842 -0.416688
904 -1.18841 -0.416688
905 -1.18841 -0.416688
906 -1.18841 -0.416687
907 -1.18841 -0.416687
908 -1.18841 -0.416687
909 -1.18841 -0.416687
910 -1.18841 -0.416687
911 -1.18841 -0.416687
912 -1.18841 -0.416687
913 -1.18841 -0.416686
914 -1.18841 -0.416686
915 -1.18841 -0.416686
916 -1.18841 -0.416686
917 -1.18841 -0.416686
918 -1.18841 -0.416686
919 -1.18841 -0.416686
920 -1.18841 -0.416685
921 -1.18841 -0.416685
922 -1.18841 -0.416685
923 -1.18841 -0.416685
924 -1.1884 -0.416685
925 -1.1884 -0.416685
926 -1.1884 -0.416685
