1 -4.73231e-08 1.13774e-08 0
2 -2.63673e-08 6.97671e-09 0
3 -5.10713e-10 0 3.87315e-10
4 -7.83734e-08 1.80324e-08 0
5 -1.81376e-08 5.38286e-09 0
6 2.24768 0 0.663066
7 3 0 0.641238
8 3 0 0.641238
9 3 0 0.641238
10 -1.20832 0.392925 0
11 0.965694 0 0.404659
12 0.897085 0 0.220155
13 0.716978 0 0.181483
14 1.54718 0 0.370235
15 1.02932 0 0.232938
16 1.06655 0 0.295641
17 1.04649 0 0.288452
18 0.998372 0 0.284721
19 0.986825 0 0.295148
20 0.950021 0 0.288343
21 0.937989 0 0.294294
22 0.916375 0 0.29826
23 0.888009 0 0.294032
24 0.878958 0 0.300242
25 0.859143 0 0.30391
26 0.826167 0 0.298571
27 0.819656 0 0.304912
28 0.802265 0 0.308499
29 0.771909 0 0.303515
30 0.765235 0 0.309266
31 0.749578 0 0.312833
32 0.721579 0 0.308206
33 0.714295 0 0.313273
34 0.69716 0 0.315943
35 0.673803 0 0.312409
36 0.667145 0 0.317183
37 0.649991 0 0.319327
38 0.629033 0 0.316298
39 0.622488 0 0.320658
40 0.607959 0 0.32312
41 0.58658 0 0.319793
42 0.579761 0 0.323647
43 -0.369956 0 0.0498237
44 -0.543902 0 0.0892723
45 0.142778 0 0.286404
46 -0.140966 0 0.149193
47 0.136636 0 0.230189
48 -0.11796 0 0.156449
49 0.531728 0 0.343377
50 -0.646583 0.0248952 0
51 0.998248 0 0.414784
52 0.238954 0 0.200775
53 0.0414212 0 0.220036
54 -0.908169 0.0596785 0
55 -0.00126765 0 0.206738
56 -0.0833843 0 0.189494
57 -0.112246 0 0.180145
58 2.05737 0 0.638075
59 2.11812 0 0.650832
60 1.16874 0 0.451461
61 0.568939 0 0.286208
62 0.799082 0 0.405408
63 0.429941 0 0.295296
64 0.463647 0 0.331906
65 0.488675 0 0.343925
66 0.427399 0 0.328733
67 0.42266 0 0.332641
68 0.425885 0 0.337818
69 0.403356 0 0.335173
70 0.394304 0 0.335075
71 0.391778 0 0.338272
72 0.379463 0 0.338759
73 0.36581 0 0.336877
74 0.362909 0 0.33968
75 0.353885 0 0.340879
76 0.340655 0 0.338822
77 0.337681 0 0.341352
78 0.329825 0 0.342649
79 0.317168 0 0.342842
80 0.307021 0 0.341724
81 0.303408 0 0.343728
82 0.295259 0 0.344647
83 0.284867 0 0.343117
84 0.282364 0 0.345227
85 0.276671 0 0.346572
86 0.264468 0 0.346194
87 0.255845 0 0.345359
88 0.253945 0 0.347357
89 0.246935 0 0.34798
90 0.237916 0 0.346647
91 0.235545 0 0.348327
92 0.230131 0 0.349275
93 0.221245 0 0.347842
94 0.219038 0 0.349403
95 0.214356 0 0.350389
96 0.205224 0 0.348846
97 0.203609 0 0.350422
98 0.199678 0 0.351427
99 0.191108 0 0.349942
100 0.189301 0 0.35132
101 0.185121 0 0.352125
102 0.178321 0 0.351031
103 0.176399 0 0.352248
104 -0.751919 0 0.0803114
105 -0.88552 0 0.12652
106 -0.144146 0 0.336371
107 -0.502555 0 0.169889
108 -0.334331 0 0.233888
109 -0.267095 0 0.25038
110 -0.430807 0 0.194035
111 -0.151474 0 0.285227
112 -0.443216 0 0.175302
113 -0.215334 0 0.261434
114 -0.166106 0 0.253541
115 -1.33136 0 0.00883764
116 -1.12123 0 0.0575123
117 -0.684103 0 0.132499
118 -0.408098 0 0.19046
119 1.59992 0 0.778744
120 1.68138 0 0.63521
121 0.892734 0 0.469594
122 0.288594 0 0.3003
123 0.540348 0 0.425785
124 0.324567 0 0.347392
125 0.215211 0 0.33564
126 0.28167 0 0.358345
127 0.268118 0 0.357164
128 0.239101 0 0.35237
129 0.229842 0 0.352746
130 0.222114 0 0.352765
131 0.19615 0 0.347945
132 0.190974 0 0.348935
133 0.199148 0 0.353256
134 0.186939 0 0.350992
135 0.183055 0 0.351153
136 0.18245 0 0.352806
137 0.182581 0 0.354717
138 0.170399 0 0.352148
139 0.166086 0 0.35258
140 0.164913 0 0.35424
141 0.153544 0 0.351946
142 -0.778508 0 0.0785263
143 -0.979905 0 0.0858933
144 -0.0690945 0 0.293275
145 -0.160464 0 0.26563
146 -0.482422 0 0.176357
