1 -3.87813e-08 8.16838e-09 0
2 -4.50039e-08 9.47513e-09 0
3 -6.13451e-08 1.29068e-08 0
4 -3.75301e-08 7.90563e-09 0
5 -2.12495e-08 3.20187e-09 0
6 -1.21676e-07 2.5594e-08 0
7 -3.00216e-09 6.72396e-10 0
8 -4.35186e-08 9.18084e-09 0
9 -2.99404e-08 6.32942e-09 0
10 -1.28682e-08 2.74426e-09 0
11 2.24768 0 0.472013
12 3 0 0.63
13 3 0 0.6318
14 3 0 0.6318
15 1.83845 0 0.387875
16 1.23694 0 0.214359
17 1.09923 0 0.233561
18 1.16227 0 0.2468
19 1.20851 0 0.256509
20 1.2269 0 0.262572
21 1.22948 0 0.261644
22 1.22696 0 0.261115
23 1.22523 0 0.260752
24 1.2239 0 0.261099
25 1.22247 0 0.260906
26 1.22139 0 0.260681
27 1.22811 0 0.263362
28 1.22094 0 0.26132
29 1.21745 0 0.260587
30 1.21712 0 0.260517
31 1.21789 0 0.261473
32 1.21872 0 0.261584
33 1.21797 0 0.261428
34 1.21747 0 0.261322
35 1.21729 0 0.262001
36 1.21661 0 0.261872
37 1.21538 0 0.261614
38 1.21457 0 0.261443
39 1.21415 0 0.262051
40 1.21353 0 0.261954
41 1.21264 0 0.261766
42 1.21317 0 0.261879
43 1.2155 0 0.263281
44 1.21608 0 0.263217
45 1.21331 0 0.262637
46 1.21062 0 0.26207
47 1.20888 0 0.262294
48 0.273927 0 0.0660915
49 -0.684278 0.135132 0
50 -0.170517 0.0272418 0
51 0.999808 0 0.312401
52 0.935441 0 0.205258
53 0.677361 0 0.151061
54 0.701651 0 0.158519
55 0.796855 0 0.176569
56 0.650908 0 0.14592
57 0.698974 0 0.156014
58 0.687084 0 0.153517
59 -0.327234 0.140527 0
60 -0.00232276 0 0.00884949
61 -0.0626389 0.00381691 0
62 -0.000102627 0 0.00931572
63 -0.038368 0 0.00127999
64 -0.0445248 1.29408e-05 0
65 -0.000100598 0 0.00931614
66 -0.0248166 0 0.00412578
67 -0.0299137 0 0.0026312
68 2.21902 0 0.475314
69 2.97035 0 0.633095
70 2.93967 0 0.626652
71 2.69208 0 0.574659
72 0.620718 0.0250438 0
73 0.561432 0 0.128215
74 1.00388 0 0.22113
75 1.20958 0 0.281446
76 1.24067 0 0.27152
77 1.21554 0 0.266242
78 1.20067 0 0.263118
79 1.1962 0 0.262544
80 1.19636 0 0.262934
81 1.197 0 0.263067
82 1.19717 0 0.263104
83 1.19714 0 0.263814
84 1.19661 0 0.263705
85 1.19559 0 0.263489
86 1.19546 0 0.263463
87 1.19543 0 0.264171
88 1.19481 0 0.264044
89 1.19342 0 0.263752
90 1.19248 0 0.263555
91 1.19213 0 0.264168
92 1.1936 0 0.264505
93 1.19224 0 0.264219
94 1.19146 0 0.264056
95 1.19079 0 0.264576
96 1.18972 0 0.264404
97 1.18847 0 0.264141
98 1.18779 0 0.264
99 1.18756 0 0.264646
100 1.18711 0 0.264569
101 1.18621 0 0.264381
102 1.18569 0 0.26427
103 1.18549 0 0.264228
104 1.18545 0 0.264929
105 1.18496 0 0.264828
106 1.18394 0 0.264615
107 1.18343 0 0.264508
108 1.18323 0 0.265159
109 1.18273 0 0.265071
110 1.18178 0 0.264871
111 1.18118 0 0.264746
112 1.18093 0 0.26538
113 1.18043 0 0.265297
114 0.246086 0 0.069084
115 -0.695071 0.128559 0
116 -0.235713 0 0.00437559
117 0.22473 0 0.06432
118 0.585537 0 0.14009
119 0.826566 0 0.190706
120 0.677827 0 0.148023
121 0.71763 0 0.16828
122 0.635522 0 0.151038
123 0.707293 0 0.172254
124 0.818803 0 0.18993
125 -0.2431 0.0330701 0
126 -0.00190636 0 0.0175805
127 -0.162264 0.0160945 0
128 -0.00102983 0 0.0177646
129 -0.0462756 0 0.00826298
130 -0.0481241 0 0.0078748
131 -0.0435535 0 0.00917278
132 -0.0402896 0 0.00949254
133 -0.0379385 0 0.00998627
134 1.91758 0 0.420645
135 2.69668 0 0.584256
136 2.92685 0 0.632592
137 2.68789 0 0.58241
138 0.996221 0 0.0929315
139 0.700635 0 0.166192
140 0.883313 0 0.204554
141 1.06716 0 0.258455
142 1.19772 0 0.271165
143 1.22182 0 0.276226
144 1.23437 0 0.278861
145 1.23878 0 0.280883
146 1.20503 0 0.273442
147 1.19067 0 0.270426
148 1.28718 0 0.290694
149 1.25512 0 0.282159
150 1.21894 0 0.277125
151 1.37882 0 0.3107
152 1.28167 0 0.2903
153 1.33518 0 0.301537
154 1.22244 0 0.26961
155 1.18977 0 0.271767
156 1.242 0 0.282735
157 0.33586 0 0.0924463
158 -0.590089 0.176155 0
159 -0.035049 0 0.0144791
160 0.461148 0 0.11868
161 0.711681 0 0.171292
162 0.759148 0 0.185499
163 0.743214 0 0.178356
164 0.473616 0 0.100537
165 0.806369 0 0.191983
166 0.675354 0 0.16447
167 0.772448 0 0.18486
168 -0.363637 0.053718 0
169 -0.00589651 0 0.0499158
170 -0.059984 0 0.00993819
171 -0.0466441 0 0.0127396
172 -0.0384677 0 0.0144566
173 -0.0330232 0 0.0155999
174 -0.0238803 0 0.01752
175 -0.0219255 0 0.0179305
176 -0.0205909 0 0.0182107
177 -0.0231701 0 0.0176691
178 -0.0223721 0 0.0178367
179 -0.0223721 0 0.0178367
180 -0.0196194 0 0.0184147
181 -0.0180527 0 0.0188578
182 -0.0179838 0 0.0187469
183 -0.0179838 0 0.0187469
184 -0.0172153 0 0.0189083
185 -0.0161033 0 0.0191418
186 -0.0161033 0 0.0191418
187 -0.0156368 0 0.0192398
188 -0.0149746 0 0.0193789
189 -0.0148842 0 0.0193979
190 -0.0148842 0 0.0193979
191 -0.0143442 0 0.0195112
192 -0.0136617 0 0.0196546
193 -0.013586 0 0.0196705
194 -0.0134636 0 0.0196962
195 -0.0126268 0 0.0198719
196 -0.0126268 0 0.0198719
197 -0.012996 0 0.0197944
198 -0.0128194 0 0.0198315
199 -0.0128218 0 0.019831
200 -0.0126042 0 0.0198766
201 -0.0120468 0 0.0199937
202 -0.0120468 0 0.0199937
203 -0.0120342 0 0.0199963
204 -0.0115955 0 0.0200885
205 -0.0115955 0 0.0200885
206 -0.0107764 0 0.0202605
207 -0.0107764 0 0.0202605
208 -0.0102962 0 0.0203613
209 -0.0103035 0 0.0203598
210 -0.0100607 0 0.0204108
211 -0.00985954 0 0.020453
212 -0.00985954 0 0.020453
213 -0.0101761 0 0.0203865
214 -0.0098284 0 0.0204596
215 -0.0100553 0 0.0204119
216 -0.0100981 0 0.0204029
217 -0.0100981 0 0.0204029
218 -0.00985828 0 0.0204533
219 -0.00964456 0 0.0204982
220 -0.00966865 0 0.0204931
221 -0.00960254 0 0.020507
222 -0.00960254 0 0.020507
223 -0.00933167 0 0.0205639
224 -0.0094276 0 0.0205437
225 -0.00944038 0 0.020541
226 -0.00933384 0 0.0205634
227 -0.00917265 0 0.0205973
228 -0.00917265 0 0.0205973
229 -0.00945938 0 0.0205371
230 -0.0093763 0 0.0205545
231 -0.00872274 0 0.0206917
232 -0.00872274 0 0.0206917
233 -0.00826583 0 0.0207877
234 -0.00826583 0 0.0207877
235 -0.00807248 0 0.0208283
236 0 0 0.0225235
237 -0.00294381 0 0.0219053
238 -0.00294381 0 0.0219053
239 -0.00253343 0 0.0219915
240 -0.00185357 0 0.0221343
241 -0.00245552 0 0.0220079
242 -0.00298831 0 0.021896
243 -0.00298831 0 0.0218942
244 -0.00375306 0 0.0217336
245 -0.00420529 0 0.0216386
246 -0.00455496 0 0.0215652
247 -0.00507571 0 0.0214558
248 -0.00560371 0 0.021345
249 -0.00560371 0 0.021345
250 -0.00592238 0 0.021278
251 -0.00601295 0 0.021259
252 -0.0063228 0 0.0211939
253 -0.00643439 0 0.0211705
254 -0.00682248 0 0.021089
255 -0.00682248 0 0.021089
256 -0.00665994 0 0.0211231
257 -0.00662558 0 0.0211304
258 -0.0068725 0 0.0210785
259 -0.0068725 0 0.0210785
260 -0.00701888 0 0.0210478
261 -0.0068519 0 0.0210828
262 0 0 0.0225217
263 -0.00265049 0 0.0219651
264 -0.00265049 0 0.0219651
265 -0.00174869 0 0.0221545
266 -0.001947 0 0.0221129
267 -0.00236621 0 0.0220248
268 -0.00284239 0 0.0219248
269 -0.00284239 0 0.0219248
270 -0.00336742 0 0.0218146
271 -0.00376752 0 0.0217306
272 -0.00413601 0 0.0216532
273 -0.00413601 0 0.0216532
274 -0.00445284 0 0.0215866
275 -0.00449968 0 0.0215768
276 -0.00449968 0 0.0215768
277 -0.00481124 0 0.0215114
278 -0.00493578 0 0.0214852
279 -0.0052374 0 0.0214219
280 -0.0052374 0 0.0214219
281 -0.0053749 0 0.021393
282 -0.00560369 0 0.021345
283 -0.00566771 0 0.0213315
284 -0.00566771 0 0.0213315
285 -0.00576452 0 0.0213112
286 -0.0060564 0 0.0212499
287 -0.00604381 0 0.0212525
288 0 0 0.0225217
289 0 0 0.0225217
290 -0.00252664 0 0.0219911
291 -0.00226721 0 0.0220456
292 -0.00195655 0 0.0221109
293 -0.00195655 0 0.0221109
294 -0.00221477 0 0.0220566
295 -0.00266934 0 0.0219612
296 -0.00308177 0 0.0218746
297 -0.00308177 0 0.0218746
298 -0.00349913 0 0.0217869
299 -0.0037992 0 0.0217239
300 -0.00415021 0 0.0216502
301 -0.00415021 0 0.0216502
302 -0.00428755 0 0.0216213
303 -0.00449753 0 0.0215772
304 -0.00499934 0 0.0214719
305 -0.00499934 0 0.0214719
306 -0.00520165 0 0.0214101
307 -0.00514392 0 0.0214384
308 -0.00541652 0 0.0213812
309 -0.00541652 0 0.0213812
310 -0.00546116 0 0.0213718
311 -0.00572313 0 0.0213168
312 -0.00597026 0 0.0212649
313 -0.00596903 0 0.0212652
314 0 0 0.0225187
315 0 0 0.0225187
316 -0.00246198 0 0.0220017
317 -0.00205296 0 0.0220875
318 -0.00205296 0 0.0220875
319 -0.00189987 0 0.0221197
320 -0.00227854 0 0.0220402
321 -0.00227854 0 0.0220402
322 -0.00295467 0 0.0218982
323 -0.00295467 0 0.0218982
324 -0.0036934 0 0.0217431
325 -0.00360849 0 0.0217609
326 -0.00360849 0 0.0217609
327 -0.00345717 0 0.0217927
328 -0.0037201 0 0.0217375
329 -0.00406167 0 0.0216657
330 -0.00406167 0 0.0216657
331 -0.0041731 0 0.0216423
332 -0.00466807 0 0.0215384
333 -0.00511907 0 0.0214437
334 -0.00530628 0 0.0214044
335 -0.00563787 0 0.0213347
336 -0.00574338 0 0.0213126
337 -0.00574338 0 0.0213126
338 -0.00600799 0 0.021257
339 -0.00595607 0 0.0212679
340 0 0 0.0225187
341 -0.00256932 0 0.0219791
342 -0.00256932 0 0.0219791
343 -0.00182366 0 0.0221357
344 -0.00249974 0 0.0219937
345 -0.00249974 0 0.0219937
346 -0.00230632 0 0.0220343
347 -0.00252885 0 0.0219876
348 -0.00293049 0 0.0219033
349 -0.00331372 0 0.0218228
350 -0.00331372 0 0.0218228
351 -0.0040022 0 0.0216782
352 -0.0041894 0 0.0216389
353 -0.00455661 0 0.0215618
354 -0.00483618 0 0.0215031
355 -0.00502664 0 0.0214631
356 -0.00502664 0 0.0214631
357 -0.00522102 0 0.0214223
358 -0.00555594 0 0.0213519
359 -0.00572806 0 0.0213158
360 -0.00599328 0 0.0212601
361 -0.00613402 0 0.0212305
362 -0.00611747 0 0.021234
363 -0.00611747 0 0.021234
364 -0.00630055 0 0.0211956
365 -0.00634654 0 0.0211859
366 0 0 0.0225187
367 -0.00209935 0 0.0220778
368 -0.00209935 0 0.0220765
369 -0.00200196 0 0.022097
370 -0.00276127 0 0.0219375
371 -0.00227828 0 0.022039
372 -0.00227828 0 0.022039
373 -0.0025592 0 0.02198
374 -0.00298226 0 0.0218911
375 -0.00298226 0 0.0218911
376 -0.00326296 0 0.0218322
377 -0.00378089 0 0.0217234
378 -0.00421337 0 0.0216326
379 -0.00438375 0 0.0215968
380 -0.00438375 0 0.0215968
381 -0.00467613 0 0.0215354
382 -0.00492469 0 0.0214832
383 -0.00517517 0 0.0214306
384 -0.00538125 0 0.0213873
385 -0.00540494 0 0.0213824
386 -0.00540494 0 0.0213824
387 -0.00553284 0 0.0213555
388 -0.00554308 0 0.0213534
389 -0.0058852 0 0.0212815
390 -0.0058852 0 0.0212815
391 -0.00582353 0 0.0212945
392 0 0 0.0225174
393 -0.00325923 0 0.021833
394 -0.00325923 0 0.021833
395 -0.00161114 0 0.0221791
396 -0.00186815 0 0.0221251
397 -0.00229485 0 0.0220355
398 -0.00250425 0 0.0219915
399 -0.00250425 0 0.0219915
400 -0.00297147 0 0.0218934
401 -0.00331115 0 0.0218221
402 -0.0036618 0 0.0217484
403 -0.0036618 0 0.0217484
404 -0.00394492 0 0.021689
405 -0.00428065 0 0.0216185
406 -0.00468379 0 0.0215338
407 -0.00468379 0 0.0215338
408 -0.00455393 0 0.0215611
409 -0.00498192 0 0.0214712
410 -0.00516858 0 0.021432
411 -0.00556425 0 0.0213489
412 -0.00556425 0 0.0213489
413 -0.00577493 0 0.0213047
414 -0.00571576 0 0.0213171
415 -0.00585534 0 0.0212878
416 -0.00609478 0 0.0212375
417 -0.00621759 0 0.0212117
418 -0.00621759 0 0.0212117
419 -0.00199508 0 0.0220984
420 -0.0029842 0 0.0218907
421 -0.00365787 0 0.0217493
422 -0.0040748 0 0.0216617
423 -0.00465331 0 0.0215402
424 -0.00465331 0 0.0215402
425 -0.00466307 0 0.0215382
426 -0.00482011 0 0.0215052
427 -0.00532105 0 0.0214
428 -0.00557335 0 0.021347
429 -0.00557335 0 0.021347
430 -0.005519 0 0.0213584
431 -0.00560379 0 0.0213305
432 -0.00564998 0 0.0213276
433 -0.00603829 0 0.021246
434 -0.00603829 0 0.021246
435 -0.00585494 0 0.0212845
436 -0.0060292 0 0.0212479
437 -0.00605878 0 0.0212417
438 -0.00605878 0 0.0212417
439 -0.00612998 0 0.0212268
440 -0.00615259 0 0.021222
441 -0.00626909 0 0.0211976
442 -0.00626762 0 0.0211979
443 -0.00626762 0 0.0211979
444 0 0 0.0225141
445 -0.00269981 0 0.0219471
446 -0.00169905 0 0.0221573
447 -0.00180043 0 0.022136
448 -0.00180043 0 0.022136
449 -0.0022529 0 0.022041
450 -0.0022529 0 0.022041
451 -0.00296629 0 0.0218912
452 -0.00296629 0 0.0218912
453 -0.00328603 0 0.021824
454 -0.00328603 0 0.021824
455 -0.00452177 0 0.0215645
456 -0.00631854 0 0.0211872
457 -0.00516759 0 0.0214289
458 -0.00516759 0 0.0214289
459 -0.00480762 0 0.0215045
460 -0.00505464 0 0.0214526
461 -0.00505464 0 0.0214526
462 -0.00548095 0 0.0213631
463 -0.00639463 0 0.0211712
464 -0.00639463 0 0.0211712
465 -0.00587592 0 0.0212801
466 -0.00610407 0 0.0212322
467 -0.00608443 0 0.0212363
468 -0.00608443 0 0.0212363
469 -0.0061566 0 0.0212212
470 -0.0061566 0 0.0212212
471 0 0 0.0225141
472 -0.00623 0 0.0212058
473 -0.00411946 0 0.021649
474 -0.00477388 0 0.0215116
475 -0.00477388 0 0.0215116
476 -0.00473 0 0.0215208
477 -0.00552014 0 0.0213548
478 -0.00564628 0 0.0213284
479 -0.00564628 0 0.0213284
480 -0.00569539 0 0.021318
481 -0.00657531 0 0.0211333
482 -0.00602067 0 0.0212497
483 -0.00601186 0 0.0212516
484 -0.00601186 0 0.0212516
485 -0.00637537 0 0.0211752
486 -0.00676591 0 0.0210932
487 -0.00673951 0 0.0210988
488 -0.00683309 0 0.0210791
489 -0.00683309 0 0.0210791
490 -0.00688043 0 0.0210692
491 -0.00688043 0 0.0210692
492 -0.00738361 0 0.0209635
493 -0.00757476 0 0.0209036
494 -0.00744764 0 0.0209456
495 -0.00744764 0 0.0209456
496 0 0 0.0225096
497 -0.00460601 0 0.0215423
498 -0.00460601 0 0.0215423
499 -0.00504105 0 0.021451
500 -0.00509016 0 0.0214407
501 -0.00509016 0 0.0214407
502 -0.00515988 0 0.021426
503 -0.00541422 0 0.0213726
504 -0.00529612 0 0.0213974
505 -0.00570148 0 0.0213123
506 -0.0057557 0 0.0213009
507 -0.0057557 0 0.0213009
508 -0.00638506 0 0.0211687
509 -0.00659101 0 0.0211255
510 -0.006529 0 0.0211385
511 -0.00650088 0 0.0211444
512 -0.00650088 0 0.0211444
513 -0.00664445 0 0.0211143
514 -0.00692132 0 0.0210561
515 -0.00686912 0 0.0210671
516 -0.0073133 0 0.0209738
517 -0.00709976 0 0.0210186
518 -0.00709976 0 0.0210186
519 -0.00784438 0 0.0208623
520 -0.00784438 0 0.0208623
521 -0.00789332 0 0.020852
522 0 0 0.0225096
523 0 0 0.0225096
524 -0.00453589 0 0.021557
525 -0.00518445 0 0.0214209
526 -0.00456186 0 0.0215516
527 -0.00515039 0 0.021428
528 -0.0056242 0 0.0213285
529 -0.0056242 0 0.0213285
530 -0.0056455 0 0.021324
531 -0.00654421 0 0.0211353
532 -0.00594238 0 0.0212617
533 -0.00594238 0 0.0212617
534 -0.00618837 0 0.02121
535 -0.00652053 0 0.0211403
536 -0.00655487 0 0.0211331
537 -0.00672606 0 0.0210971
538 -0.00694715 0 0.0210507
539 -0.00711321 0 0.0210158
540 -0.00711321 0 0.0210158
541 -0.00705909 0 0.0210272
542 -0.00739657 0 0.0209563
543 -0.00764628 0 0.0209039
544 -0.00745438 0 0.0209442
545 -0.00745438 0 0.0209442
546 -0.00729828 0 0.0209769
547 -0.00758219 0 0.0209173
548 -0.00161845 0 0.0221697
549 -0.00166181 0 0.0221606
550 -0.00166181 0 0.0221606
551 -0.0017519 0 0.0221417
552 -0.00270134 0 0.0219423
553 -0.00262951 0 0.0219574
554 -0.00262951 0 0.0219574
555 -0.00344662 0 0.0217858
556 -0.00419853 0 0.0215654
557 -0.00419853 0 0.0216256
558 -0.00435002 0 0.0215938
559 -0.00557142 0 0.0213373
560 -0.00557142 0 0.0213373
561 -0.00492952 0 0.0214721
562 -0.00556501 0 0.0213386
563 -0.00564003 0 0.0213229
564 -0.00555277 0 0.0213412
565 -0.00555277 0 0.0213412
566 -0.00586262 0 0.0212761
567 -0.00617257 0 0.0212111
568 -0.00578276 0 0.0212929
569 -0.00578276 0 0.0212929
570 -0.00620346 0 0.0212046
571 -0.00650503 0 0.0211412
572 -0.00659927 0 0.0211214
573 0 0 0.0225073
574 -0.00383992 0 0.0217009
575 -0.00383992 0 0.0217009
576 -0.0043468 0 0.0215945
577 -0.00494577 0 0.0214687
578 -0.00509015 0 0.0214384
579 -0.00551803 0 0.0213485
580 -0.00551803 0 0.0213485
581 -0.00558422 0 0.0213346
582 -0.00598089 0 0.0212513
583 -0.00628613 0 0.0211872
584 -0.00628008 0 0.0211885
585 -0.00628008 0 0.0211885
586 -0.00653126 0 0.0211357
587 -0.00683588 0 0.0210718
588 -0.006757 0 0.0210883
589 -0.006757 0 0.0210883
590 -0.00669294 0 0.0211018
591 -0.00674684 0 0.0210905
592 -0.00701126 0 0.0210349
593 -0.00701126 0 0.0210349
594 -0.0079407 0 0.0208397
595 -0.00698617 0 0.0210402
596 -0.00675615 0 0.0210885
597 -0.00675615 0 0.0210885
598 -0.006859 0 0.0210669
599 0 0 0.0225073
600 -0.00396094 0 0.0216755
601 -0.00426871 0 0.0216109
602 -0.00498931 0 0.0214595
603 -0.00498931 0 0.0214595
604 -0.00505994 0 0.0214447
605 -0.00557663 0 0.0213362
606 -0.00601349 0 0.0212445
607 -0.00620978 0 0.0212032
608 -0.00619457 0 0.0212064
609 -0.00619457 0 0.0212064
610 -0.00639344 0 0.0211647
611 -0.00674383 0 0.0210911
612 -0.00664526 0 0.0211118
613 -0.00664526 0 0.0211118
614 -0.00751613 0 0.0209289
615 -0.00688949 0 0.0210605
616 -0.0073244 0 0.0209692
617 -0.00697494 0 0.0210426
618 -0.00697494 0 0.0210384
619 -0.0070832 0 0.0210156
620 -0.00714611 0 0.0210024
621 -0.00709193 0 0.0210138
622 -0.00709193 0 0.0210138
623 -0.00705423 0 0.0210217
624 -0.00738095 0 0.0209531
625 0 0 0.0225031
626 -0.0039966 0 0.0216638
627 -0.0039966 0 0.0216638
628 -0.00457728 0 0.0215419
629 -0.00476353 0 0.0215028
630 -0.00503909 0 0.0214449
631 -0.0055632 0 0.0213348
632 -0.0055632 0 0.0213348
633 -0.00567668 0 0.021311
634 -0.0059184 0 0.0212602
635 -0.00612672 0 0.0212165
636 -0.00613551 0 0.0212147
637 -0.00613551 0 0.0212147
638 -0.00647021 0 0.0211444
639 -0.00659551 0 0.021118
640 -0.00658097 0 0.0211211
641 -0.00671819 0 0.0210923
642 -0.00671819 0 0.0210923
643 -0.00681822 0 0.0210713
644 -0.00706855 0 0.0210187
645 -0.00733286 0 0.0209632
646 -0.00732017 0 0.0209659
647 -0.00744603 0 0.0209394
648 -0.00744603 0 0.0209394
649 -0.00724521 0 0.0209816
650 -0.00788357 0 0.0208476
651 -0.00145379 0 0.0221978
652 -0.00145379 0 0.0221978
653 -0.00152861 0 0.0221821
654 -0.0020674 0 0.022069
655 -0.00213674 0 0.0220544
656 -0.0028153 0 0.0219119
657 -0.00377729 0 0.0217099
658 -0.00377729 0 0.0217099
659 -0.00416473 0 0.0216285
660 -0.00459268 0 0.0215386
661 -0.00499234 0 0.0214547
662 -0.00510654 0 0.0214307
663 -0.00560176 0 0.0213267
664 -0.00560176 0 0.0213267
665 -0.00584805 0 0.021275
666 -0.00629392 0 0.0211814
667 -0.00619525 0 0.0212021
668 -0.00642591 0 0.0211537
669 -0.00642591 0 0.0211537
670 -0.00687669 0 0.021059
671 -0.00681268 0 0.0210724
672 -0.00687333 0 0.0210597
673 -0.00694738 0 0.0210442
674 -0.00694738 0 0.0210442
675 -0.00690749 0 0.0210525
676 -0.00709587 0 0.021013
677 -0.00143136 0 0.0222025
678 -0.00143136 0 0.0222025
679 -0.00200257 0 0.0220826
680 -0.00203738 0 0.0220753
681 -0.00203738 0 0.022074
682 -0.00265239 0 0.0219449
683 -0.00328097 0 0.0218129
684 -0.00322876 0 0.0218238
685 -0.00422561 0 0.0216145
686 -0.00422561 0 0.0216145
687 -0.00418617 0 0.0216228
688 -0.00467579 0 0.02152
689 -0.00505713 0 0.0214399
690 -0.00518901 0 0.0214122
691 -0.00518901 0 0.0214122
692 -0.00559871 0 0.0213262
693 -0.00574459 0 0.0212955
694 -0.00574459 0 0.0212955
695 -0.0059892 0 0.0212442
696 -0.00636767 0 0.0211647
697 -0.00615272 0 0.0212098
698 -0.00643089 0 0.0211514
699 -0.00635333 0 0.0211677
700 -0.00635333 0 0.0211677
701 -0.00654301 0 0.0211279
702 -0.00716197 0 0.0209979
703 -0.00170007 0 0.0221449
704 -0.00170007 0 0.0221449
705 -0.00148736 0 0.0221895
706 -0.00210947 0 0.0220589
707 -0.00214501 0 0.0220514
708 -0.00299093 0 0.0218738
709 -0.00299093 0 0.0218738
710 -0.0032502 0 0.0218193
711 -0.00363863 0 0.0217378
712 -0.00439986 0 0.0215779
713 -0.00460019 0 0.0215358
714 -0.00492089 0 0.0214685
715 -0.00492089 0 0.0214685
716 -0.00536601 0 0.021375
717 -0.00624988 0 0.0211894
718 -0.0056884 0 0.0213073
719 -0.0056884 0 0.0213073
720 -0.00597797 0 0.0212465
721 -0.00649453 0 0.021138
722 -0.00649453 0 0.021138
723 -0.00711959 0 0.0210068
724 -0.00655621 0 0.0211251
725 -0.00655621 0 0.0211251
726 -0.00636008 0 0.0211663
727 -0.00713313 0 0.0210039
728 -0.00622244 0 0.0211952
729 -0.00622244 0 0.0211952
730 -0.00169773 0 0.0221454
731 -0.00198692 0 0.0220846
732 -0.00152625 0 0.0221814
733 -0.00229897 0 0.0220191
734 -0.00252862 0 0.0219709
735 -0.00252862 0 0.0219709
736 -0.00349893 0 0.0217671
737 -0.0039662 0 0.021669
738 -0.00440856 0 0.0215761
739 -0.00456364 0 0.0215435
740 -0.00501911 0 0.0214479
741 -0.00501911 0 0.0214479
742 -0.00540322 0 0.0213672
743 -0.0063154 0 0.0210992
744 -0.00581178 0 0.0212779
745 -0.00647244 0 0.0211392
746 -0.00647244 0 0.0211392
747 -0.00601796 0 0.0212346
748 -0.00643548 0 0.0211469
749 -0.00681594 0 0.021067
750 -0.00666979 0 0.0210977
751 -0.00680945 0 0.0210684
752 -0.00680945 0 0.0210684
753 -0.00703987 0 0.02102
754 -0.00704321 0 0.0210193
755 -0.00145028 0 0.0221938
756 -0.00141568 0 0.0222011
757 -0.00151354 0 0.0221805
758 -0.00151354 0 0.0221805
759 -0.00238061 0 0.0219984
760 -0.00345171 0 0.0217735
761 -0.00358628 0 0.0217453
762 -0.00358628 0 0.0217453
763 -0.00392567 0 0.021674
764 -0.00458936 0 0.0215346
765 -0.00476923 0 0.0214968
766 -0.00491027 0 0.0214672
767 -0.00491027 0 0.0214672
768 -0.00581848 0 0.0212765
769 -0.00596609 0 0.0212455
770 -0.00556838 0 0.021329
771 -0.00627951 0 0.0211797
772 -0.0181617 0 0.0186844
773 -0.0181617 0 0.0186844
774 -0.015523 0 0.0192385
775 -0.015523 0 0.0192385
776 -0.0145913 0 0.0194342
777 -0.013453 0 0.0196732
778 -0.0127242 0 0.0198263
779 -0.012022 0 0.0199737
780 -0.0114801 0 0.0200876
781 -0.0109616 0 0.0201964
782 -0.0101925 0 0.0203579
783 -0.00972917 0 0.0204552
784 -0.00972917 0 0.0204552
785 -0.00960352 0 0.0204816
786 -0.00926705 0 0.0205523
787 -0.00897709 0 0.0206132
788 -0.00845948 0 0.0207219
789 -0.00845948 0 0.0207219
790 -0.00832205 0 0.0207507
791 -0.00791184 0 0.0208369
792 -0.0076526 0 0.0208913
793 -0.0076526 0 0.0208913
794 -0.00787778 0 0.020844
795 -0.00758079 0 0.0209064
796 -0.0074731 0 0.020929
797 -0.00756483 0 0.0209098
798 -0.0071692 0 0.0209928
799 -0.0071692 0 0.0209928
800 -0.00743208 0 0.0209376
801 -0.00701685 0 0.0210248
802 -0.006957 0 0.0210374
803 -0.006957 0 0.0210374
804 -0.00702117 0 0.0210239
805 -0.00676669 0 0.0210774
806 -0.00676669 0 0.0210733
807 -0.00667075 0 0.0210935
808 -0.00698203 0 0.0210281
809 -0.00202186 0 0.0220697
810 -0.0030028 0 0.0218637
811 -0.0036587 0 0.021726
812 -0.00419029 0 0.0216143
813 -0.0046286 0 0.0215223
814 -0.0046286 0 0.0215223
815 -0.00504584 0 0.0214347
816 -0.0053538 0 0.02137
817 -0.0054675 0 0.0213461
818 -0.00600102 0 0.0212341
819 -0.00620776 0 0.0211907
820 -0.00634754 0 0.0211613
821 -0.00659181 0 0.02111
822 -0.00667468 0 0.0210926
823 -0.00667468 0 0.0210926
824 -0.00673775 0 0.0210794
825 -0.00693278 0 0.0210384
826 -0.00701431 0 0.0210213
827 -0.00714389 0 0.0209941
828 -0.00692575 0 0.0210399
829 -0.0070999 0 0.0210033
830 -0.0070999 0 0.0210033
831 -0.00680918 0 0.0210644
832 -0.00679068 0 0.0210683
833 -0.0065863 0 0.0211112
834 -0.0065863 0 0.0211112
835 -0.00223 0 0.022026
836 -0.00314588 0 0.0218337
837 -0.00365365 0 0.021727
838 -0.00365365 0 0.021727
839 -0.00449068 0 0.0215513
840 -0.00466587 0 0.0215145
841 -0.00507872 0 0.0214278
842 -0.00539159 0 0.0213621
843 -0.00553184 0 0.0213326
844 -0.00589655 0 0.021256
845 -0.00589655 0 0.021256
846 -0.00566013 0 0.0213057
847 -0.006193 0 0.0211938
848 -0.00623844 0 0.0211842
849 -0.00636062 0 0.0211586
850 -0.00653351 0 0.0211223
851 -0.00661877 0 0.0211044
852 -0.00661877 0 0.0211044
853 -0.00677083 0 0.0210724
854 -0.00665364 0 0.021097
855 -0.00693298 0 0.0210384
856 -0.00695862 0 0.021033
857 -0.00700066 0 0.0210242
858 -0.00700066 0 0.0210242
859 -0.00693157 0 0.0210387
860 0 0 0.0224943
861 -0.00269972 0 0.0219274
862 -0.00186958 0 0.0221017
863 -0.00186958 0 0.0221017
864 -0.00180187 0 0.0221159
865 -0.00240491 0 0.0219893
866 -0.00275136 0 0.0219165
867 -0.00324843 0 0.0218121
868 -0.00365312 0 0.0216927
869 -0.00416012 0 0.0216186
870 -0.00416012 0 0.0216186
871 -0.004448 0 0.0215582
872 -0.00462938 0 0.0215201
873 -0.00493071 0 0.0214568
874 -0.00526752 0 0.0213861
875 -0.00526752 0 0.0213861
876 -0.00534994 0 0.0213688
877 -0.0055524 0 0.0213262
878 -0.00576048 0 0.0212825
879 -0.00613486 0 0.0212039
880 -0.00613486 0 0.0212039
881 -0.00604069 0 0.0212237
882 -0.00603396 0 0.0212251
883 -0.00598047 0 0.0212363
884 -0.00641956 0 0.0211441
885 -0.00641956 0 0.0211441
886 0 0 0.0224922
887 -0.00245101 0 0.0219775
888 -0.00193434 0 0.022086
889 -0.00189426 0 0.0220944
890 -0.00189426 0 0.0220944
891 -0.00220848 0 0.0220285
892 -0.00263424 0 0.021939
893 -0.00313504 0 0.0218339
894 -0.00351343 0 0.0217544
895 -0.0038386 0 0.0216861
896 -0.0038386 0 0.0216861
897 -0.00422574 0 0.0216048
898 -0.00450541 0 0.0215461
899 -0.00460568 0 0.021525
900 -0.00460568 0 0.021525
901 -0.00494366 0 0.0214541
902 -0.00519818 0 0.0214006
903 -0.00519818 0 0.0214006
904 -0.00500655 0 0.0214409
905 -0.00525946 0 0.0213878
906 -0.00545967 0 0.0213457
907 -0.00545967 0 0.0213457
908 -0.00579588 0 0.0212751
909 -0.00590562 0 0.0212521
910 -0.00605197 0 0.0212213
911 -0.00637738 0 0.021153
912 -0.00216385 0 0.0220378
913 -0.00320715 0 0.0218187
914 -0.00320715 0 0.0218187
915 -0.00377305 0 0.0216999
916 -0.00426183 0 0.0215973
917 -0.00481224 0 0.0214817
918 -0.00489102 0 0.0214651
919 -0.00535329 0 0.021368
920 -0.00562421 0 0.0213112
921 -0.0059705 0 0.0212384
922 -0.0059705 0 0.0212384
923 -0.00580444 0 0.0212733
924 -0.00597006 0 0.0212385
925 -0.00617891 0 0.0211947
926 -0.00617891 0 0.0211947
