1 -6.17288e-08 1.32694e-08 0
2 -2.80592e-09 8.95575e-10 0
3 -9.98935e-08 2.1284e-08 0
4 -3.05313e-09 0 6.76885e-09
5 -3.90677e-08 8.54144e-09 0
6 -2.48452e-09 8.58966e-10 0
7 -4.26845e-08 9.30096e-09 0
8 2.24768 0 0.472013
9 3 0 0.69176
10 3 0 0.631574
11 3 0 0.631574
12 -0.697441 0.291404 0
13 0.280399 0 0.0618397
14 0.0983094 0 0.0236008
15 0.655572 0 0.185433
16 0.914953 0 0.195322
17 0.931357 0 0.200633
18 1.61516 0 0.34292
19 1.55801 0 0.327297
20 1.21561 0 0.259965
21 1.14441 0 0.240027
22 1.29461 0 0.277264
23 1.26578 0 0.26967
24 1.2601 0 0.270785
25 1.27519 0 0.275922
26 1.22227 0 0.2665
27 1.23023 0 0.269019
28 1.21018 0 0.264809
29 1.23292 0 0.272137
30 1.21703 0 0.26698
31 1.22955 0 0.271344
32 1.20267 0 0.264697
33 1.21893 0 0.270142
34 1.22515 0 0.270146
35 1.19439 0 0.261951
36 1.23935 0 0.273853
37 1.22896 0 0.271672
38 1.20256 0 0.264744
39 1.19882 0 0.266072
40 1.23133 0 0.276228
41 1.20354 0 0.267791
42 1.19369 0 0.265655
43 1.18858 0 0.265369
44 1.20508 0 0.270874
45 0.252686 0 0.0695499
46 -0.540197 0.0969556 0
47 0.997689 0 0.349169
48 0.946754 0 0.215441
49 0.698148 0 0.143839
50 0.762522 0 0.177246
51 0.80156 0 0.189036
52 0.831704 0 0.192244
53 0.646508 0 0.13898
54 0.824533 0 0.191181
55 0.747161 0 0.174933
56 -0.242876 0.112027 0
57 -0.00086833 0 0.0179981
58 -0.0457396 0 0.00857513
59 -0.0284034 0 0.0122157
60 -0.0188149 0 0.0142293
61 -0.0139771 0 0.0152453
62 2.23655 0 0.668564
63 2.99018 0 0.646784
64 2.82814 0 0.612756
65 1.91801 0 0.421629
66 0.362739 0.0287148 0
67 0.82164 0 0.229143
68 1.61883 0 0.359841
69 1.40036 0 0.297392
70 1.15608 0 0.263569
71 1.12665 0 0.25572
72 1.16124 0 0.265338
73 1.19606 0 0.272649
74 1.21589 0 0.279124
75 1.16145 0 0.266106
76 2.99279 0 0.79844
77 2.97772 0 0.648769
78 2.96109 0 0.645728
79 2.96843 0 0.648599
80 2.97617 0 0.650224
81 2.97354 0 0.651247
82 2.96961 0 0.650632
83 2.98796 0 0.65774
84 2.96485 0 0.651419
85 2.99425 0 0.661732
86 2.96362 0 0.652949
87 2.96826 0 0.656075
88 2.9608 0 0.654136
89 2.95802 0 0.653553
90 2.96604 0 0.657654
91 2.99113 0 0.662282
92 2.96279 0 0.655851
93 2.96085 0 0.65771
94 2.96872 0 0.661772
95 2.95715 0 0.658712
96 2.96664 0 0.663241
97 2.9686 0 0.662895
98 2.96794 0 0.662755
99 2.96998 0 0.665127
100 2.96384 0 0.663675
101 2.96906 0 0.666969
102 2.98422 0 0.669734
103 2.96868 0 0.666472
104 2.99675 0 0.680087
105 2.96698 0 0.673273
106 2.96874 0 0.675565
107 2.96252 0 0.674118
108 2.03293 0 0.406034
109 0.988372 0 0.261045
110 0.991366 0 0.261674
111 0.966673 0 0.2551
112 0.992309 0 0.262459
113 0.9954 0 0.263952
114 0.993834 0 0.263847
115 0.972463 0 0.259485
116 0.992208 0 0.2658
117 0.987498 0 0.263231
118 0.989767 0 0.263708
119 -0.0109239 0.0261989 0
120 -0.000350442 0 0.0560768
121 -0.00513942 0 0.0550711
122 -0.0182575 0 0.0523163
123 -0.00576313 0 0.0549401
124 -0.0191329 0 0.0510554
125 1.94551 0 0.464699
126 2.70579 0 0.62436
127 2.98368 0 0.682717
128 2.98958 0 0.683956
129 2.99053 0 0.686025
130 2.99053 0 0.685949
131 2.98133 0 0.684017
132 2.99063 0 0.688505
133 2.99063 0 0.687761
134 2.98497 0 0.686573
135 2.99224 0 0.6881
136 2.99224 0 0.6881
137 2.99298 0 0.688255
138 2.99298 0 0.688255
139 2.99298 0 0.688255
140 2.99285 0 0.688227
141 2.99285 0 0.688227
142 2.99389 0 0.688445
143 2.99389 0 0.688445
144 2.99389 0 0.688445
145 2.99363 0 0.690165
146 2.99669 0 0.69083
147 2.99873 0 0.69322
148 2.99614 0 0.692512
149 2.99898 0 0.695135
150 2.99898 0 0.694907
151 2.99951 0 0.695019
152 2.99951 0 0.695019
153 2.99666 0 0.69442
154 2.99666 0 0.69442
155 2.99666 0 0.69442
156 2.99957 0 0.695031
157 2.99957 0 0.695031
158 2.99674 0 0.694437
159 2.99674 0 0.694437
160 2.99674 0 0.694437
161 2.99958 0 0.695034
162 2.99958 0 0.695034
163 2.99958 0 0.695034
164 2.99697 0 0.694485
165 2.99697 0 0.694485
166 2.99982 0 0.695084
167 2.99982 0 0.695084
168 2.99982 0 0.695084
169 2.99929 0 0.694973
170 2.99929 0 0.694973
171 2.9985 0 0.694807
172 2.9985 0 0.694807
173 2.9985 0 0.694807
174 2.99916 0 0.694946
175 2.99916 0 0.694946
176 2.99789 0 0.694679
177 2.99789 0 0.694679
178 2.99789 0 0.694679
179 2.99848 0 0.694803
180 2.99848 0 0.694803
181 2.99884 0 0.694878
182 2.99884 0 0.694878
183 2.99884 0 0.694878
184 2.99856 0 0.69482
185 2.99856 0 0.69482
186 2.99856 0 0.69482
187 2.99978 0 0.695076
188 2.99978 0 0.695076
189 2.99759 0 0.694617
190 2.99759 0 0.694617
191 2.99759 0 0.694617
192 2.99987 0 0.695095
193 2.99987 0 0.695095
194 2.99722 0 0.694539
195 2.99722 0 0.694539
196 2.99722 0 0.694539
197 2.99098 0 0.693227
198 2.99098 0 0.693227
199 2.99586 0 0.694252
200 2.99586 0 0.694252
201 2.99586 0 0.694252
202 2.99104 0 0.69324
203 2.99104 0 0.69324
204 2.99588 0 0.694257
205 2.99588 0 0.694257
206 2.99588 0 0.694257
207 2.99179 0 0.693398
208 2.99179 0 0.693398
209 2.99179 0 0.693398
210 2.9959 0 0.69426
211 2.9959 0 0.69426
212 2.99062 0 0.693152
213 2.99062 0 0.693152
214 2.99062 0 0.693152
215 2.9968 0 0.69674
216 2.9968 0 0.696246
217 3 0 0.696918
218 3 0 0.696918
219 3 0 0.696918
220 2.99679 0 0.696243
221 2.99679 0 0.696243
222 2.99447 0 0.695758
223 2.99447 0 0.695758
224 2.99447 0 0.695758
225 2.99807 0 0.696514
226 2.99807 0 0.696514
227 2.99807 0 0.696514
228 2.99888 0 0.696682
229 2.99888 0 0.696682
230 2.99645 0 0.696172
231 2.99645 0 0.696172
232 2.99645 0 0.696172
233 2.99896 0 0.696699
234 2.99896 0 0.696699
235 2.99974 0 0.696863
236 2.99974 0 0.696863
237 2.99974 0 0.696863
238 2.99693 0 0.696273
239 2.99693 0 0.696273
240 2.99693 0 0.696273
241 2.99965 0 0.696844
242 2.99965 0 0.696844
243 2.99721 0 0.696332
244 2.99721 0 0.696332
245 2.99721 0 0.696332
246 2.98675 0 0.694136
247 2.98675 0 0.694136
248 2.99062 0 0.694947
249 2.99062 0 0.694947
250 2.99062 0 0.694947
251 2.99238 0 0.695318
252 2.99238 0 0.695318
253 2.99238 0 0.695318
254 2.99291 0 0.69543
255 2.99291 0 0.69543
256 2.96776 0 0.689923
257 2.97047 0 0.692506
258 2.99891 0 0.702544
259 2.99485 0 0.699415
260 2.97654 0 0.695898
261 2.97608 0 0.697265
262 2.97505 0 0.698752
263 2.98312 0 0.70053
264 2.9939 0 0.702793
265 2.96517 0 0.696248
266 2.96653 0 0.698832
267 2.97665 0 0.703552
268 2.99767 0 0.707156
269 2.96821 0 0.700969
270 2.976 0 0.70501
271 2.97577 0 0.704339
272 2.96153 0 0.701991
273 2.99757 0 0.7107
274 2.9411 0 0.696104
275 2.97496 0 0.707733
276 2.97873 0 0.708525
277 2.99904 0 0.716208
278 2.99705 0 0.714165
279 2.98013 0 0.71105
280 2.97605 0 0.711548
281 2.97535 0 0.71313
282 2.98004 0 0.714172
283 2.99582 0 0.717485
284 2.972 0 0.712368
285 2.97507 0 0.714917
286 2.97055 0 0.71539
287 2.97699 0 0.717104
288 2.99692 0 0.724677
289 2.97244 0 0.717942
290 2.9755 0 0.718584
291 2.96756 0 0.718063
292 2.97545 0 0.720356
293 2.96703 0 0.719696
294 2.83202 0 0.69202
295 2.97538 0 0.722125
296 2.9639 0 0.726611
297 2.97583 0 0.729346
298 2.99556 0 0.736858
299 2.97431 0 0.730818
300 2.97478 0 0.732739
301 2.96852 0 0.731386
302 2.96802 0 0.731281
303 2.98331 0 0.7375
304 2.99606 0 0.738957
305 2.96796 0 0.732596
306 2.99281 0 0.740062
307 2.97184 0 0.73577
308 2.99633 0 0.742591
309 2.97558 0 0.738234
310 2.97701 0 0.740434
311 2.96461 0 0.737715
312 2.97759 0 0.743263
313 2.95548 0 0.737582
314 2.96753 0 0.742851
315 2.96846 0 0.742084
316 2.97068 0 0.742549
317 2.99683 0 0.751923
318 2.97787 0 0.74585
319 2.97758 0 0.747554
320 2.96744 0 0.745447
321 2.99425 0 0.755011
322 2.97838 0 0.749532
323 2.98669 0 0.751276
324 2.97012 0 0.748259
325 2.98114 0 0.7519
326 2.99239 0 0.756953
327 2.9654 0 0.750386
328 2.97744 0 0.75566
329 2.96677 0 0.752456
330 2.99544 0 0.758476
331 2.97751 0 0.755069
332 2.97116 0 0.75517
333 2.96978 0 0.756551
334 2.87034 0 0.73578
335 2.57644 0 0.652184
336 2.96737 0 0.757791
337 2.97614 0 0.759632
338 2.93445 0 0.749314
339 2.92784 0 0.751262
340 2.9333 0 0.754605
341 2.93696 0 0.754936
342 2.942 0 0.758162
343 2.93754 0 0.756822
344 2.93955 0 0.759167
345 2.93963 0 0.759022
346 2.93897 0 0.758886
347 2.93711 0 0.760108
348 2.94228 0 0.761343
349 2.93471 0 0.76091
350 2.94022 0 0.762673
351 2.93973 0 0.764296
352 2.93951 0 0.764288
353 2.93626 0 0.763605
354 2.93545 0 0.765131
355 2.93874 0 0.765888
356 2.93652 0 0.767007
357 2.93923 0 0.767753
358 2.9405 0 0.769887
359 2.93468 0 0.768561
360 2.9398 0 0.769638
361 2.93747 0 0.770725
362 2.93607 0 0.770616
363 2.93508 0 0.77209
364 2.93785 0 0.772751
365 2.93504 0 0.773699
366 2.93688 0 0.77431
367 2.93385 0 0.773674
368 2.93701 0 0.776352
369 2.93341 0 0.775344
370 2.93656 0 0.778016
371 2.93425 0 0.782502
372 2.93016 0 0.783138
373 2.93278 0 0.784015
374 2.93299 0 0.784058
375 2.93523 0 0.786468
376 2.92879 0 0.784937
377 2.93252 0 0.787778
378 2.97756 0 0.796938
379 2.97657 0 0.798435
380 2.97588 0 0.79837
381 2.97563 0 0.800084
382 2.97176 0 0.799291
383 2.97768 0 0.800534
384 2.97576 0 0.801764
385 2.97579 0 0.801922
386 2.97481 0 0.803425
387 2.97607 0 0.803766
388 2.97637 0 0.80564
389 2.97456 0 0.805235
390 2.97408 0 0.806882
391 2.97549 0 0.807216
392 2.97506 0 0.807125
393 2.97357 0 0.808477
394 2.97495 0 0.808887
395 2.97508 0 0.81071
396 2.97609 0 0.81091
397 2.9747 0 0.812292
398 2.97641 0 0.812763
399 2.97202 0 0.813275
400 2.97484 0 0.814219
401 2.97503 0 0.816058
402 2.97414 0 0.815857
403 2.97557 0 0.816157
404 2.97317 0 0.817244
405 2.97559 0 0.817946
406 2.97509 0 0.819584
407 2.9738 0 0.819355
408 2.97522 0 0.821552
409 2.97341 0 0.821057
410 2.9748 0 0.82135
411 2.97554 0 0.82335
412 2.97435 0 0.82304
413 2.97412 0 0.824758
414 2.97354 0 0.824654
415 2.03535 0 0.554082
416 0.982532 0 0.408046
417 0.974972 0 0.406458
418 0.992049 0 0.412
419 0.994326 0 0.411112
420 0.998195 0 0.412832
421 0.988767 0 0.410385
422 0.989785 0 0.411353
423 0.974661 0 0.407556
424 0.990362 0 0.412063
425 0.9939 0 0.412806
426 -0.0229792 0 0.118202
427 -0.0117773 0 0.201905
428 -0.00334508 0 0.203676
429 -0.00650477 0 0.203012
430 -0.00690761 0 0.202928
431 2.31505 0 0.876987
432 2.99357 0 0.833721
433 2.96845 0 0.828445
434 2.97256 0 0.829309
435 2.97349 0 0.833108
436 2.97667 0 0.833739
437 2.97495 0 0.835025
438 2.97499 0 0.835172
439 2.97394 0 0.834952
440 2.97401 0 0.836755
441 2.97413 0 0.836777
442 2.97555 0 0.838973
443 2.97409 0 0.838552
444 2.97535 0 0.838817
445 2.97469 0 0.84041
446 2.98706 0 0.848757
447 2.96926 0 0.84505
448 2.98109 0 0.84896
449 2.97837 0 0.84996
450 2.98268 0 0.851082
451 2.99689 0 0.854065
452 2.9735 0 0.849074
453 2.97515 0 0.851291
454 2.97575 0 0.85325
455 2.97547 0 0.853143
456 2.97476 0 0.854724
457 2.97584 0 0.855007
458 2.97706 0 0.855263
459 2.99318 0 0.86173
460 2.97508 0 0.856638
461 2.99687 0 0.864748
462 2.97743 0 0.858923
463 2.99457 0 0.865685
464 2.96997 0 0.859147
465 2.9746 0 0.862274
466 2.9726 0 0.861483
467 2.97454 0 0.861892
468 2.97514 0 0.86385
469 2.04002 0 0.667426
470 0.994037 0 0.365002
471 0.993956 0 0.448663
472 0.996708 0 0.450059
473 0.992268 0 0.448906
474 0.99339 0 0.449827
475 0.987832 0 0.44872
476 0.975682 0 0.446613
477 0.976903 0 0.447553
478 0.973664 0 0.446775
479 0.975332 0 0.447125
480 -0.00573802 0 0.241101
481 -0.0219187 0 0.2364
482 -0.00137168 0 0.242009
483 -0.00811885 0 0.240593
484 -0.00577149 0 0.241085
485 2.24173 0 0.893531
486 2.98305 0 0.86941
487 2.96923 0 0.866506
488 2.97315 0 0.86733
489 2.97517 0 0.871405
490 2.99005 0 0.874447
491 2.96908 0 0.870045
492 2.98183 0 0.875526
493 2.99684 0 0.877658
494 2.99198 0 0.878048
495 2.97017 0 0.873855
496 2.97434 0 0.876848
497 2.97548 0 0.876753
498 2.97566 0 0.876792
499 2.97679 0 0.878903
500 2.99165 0 0.881935
501 2.96815 0 0.876908
502 2.99601 0 0.884638
503 2.99683 0 0.886673
504 2.98717 0 0.884579
505 2.99728 0 0.886703
506 2.97396 0 0.881733
507 2.97515 0 0.883848
508 2.97623 0 0.885945
509 2.97622 0 0.885857
510 2.9937 0 0.889528
511 2.97616 0 0.886231
512 2.99286 0 0.891143
513 2.9946 0 0.893443
514 2.99537 0 0.893465
515 2.97173 0 0.8884
516 2.97431 0 0.890832
517 2.97621 0 0.893171
518 2.99057 0 0.896034
519 2.96584 0 0.890647
520 2.993 0 0.898329
521 2.99137 0 0.90333
522 2.98215 0 0.902492
523 2.99655 0 0.906254
524 2.97369 0 0.901414
525 2.04119 0 0.707419
526 0.977946 0 0.484138
527 0.977709 0 0.484656
528 0.999719 0 0.489297
529 0.986787 0 0.486143
530 0.99889 0 0.491283
531 0.994512 0 0.489395
532 0.980208 0 0.485839
533 0.987902 0 0.4886
534 0.981616 0 0.487367
535 0.979549 0 0.487436
536 -0.0182547 0 0.277897
537 -0.00942399 0 0.279752
538 -0.00270991 0 0.281695
539 -0.00827411 0 0.27999
540 -0.0224565 0 0.277011
541 -0.00354242 0 0.280983
542 2.23998 0 0.752124
543 2.97216 0 0.905881
544 2.97272 0 0.907828
545 2.97518 0 0.908299
546 2.99206 0 0.914985
547 2.97365 0 0.910085
548 2.98255 0 0.913426
549 3 0 0.917091
550 2.99371 0 0.917065
551 2.97086 0 0.91277
552 2.97662 0 0.916223
553 2.99916 0 0.920497
554 2.99671 0 0.921585
555 2.99809 0 0.922071
556 2.99779 0 0.922007
557 2.99899 0 0.924156
558 2.99889 0 0.924038
559 2.99641 0 0.925118
560 2.9958 0 0.925187
561 2.99921 0 0.927976
562 2.99978 0 0.927821
563 2.98813 0 0.925376
564 2.9946 0 0.929047
565 2.99837 0 0.92932
566 3 0 0.931593
567 2.99949 0 0.931354
568 2.99929 0 0.931313
569 2.9975 0 0.932594
570 2.99964 0 0.933186
571 2.99974 0 0.935016
572 2.98913 0 0.932778
573 2.99498 0 0.93627
574 2.99958 0 0.936769
575 2.99944 0 0.93674
576 2.99695 0 0.937815
577 2.99934 0 0.938517
578 2.99782 0 0.939874
579 2.99969 0 0.940389
580 2.99974 0 0.9404
581 2.99325 0 0.940315
582 2.99558 0 0.941324
583 2.99918 0 0.944166
584 2.99915 0 0.943873
585 2.99457 0 0.944341
586 2.99614 0 0.945037
587 2.99932 0 0.94776
588 2.99992 0 0.947632
589 2.99635 0 0.948395
590 2.99759 0 0.948941
591 2.99914 0 0.951188
592 2.99492 0 0.950179
593 2.99559 0 0.952169
594 2.99959 0 0.952955
595 2.99987 0 0.954837
596 2.99452 0 0.960777
597 3 0 0.962036
598 2.99951 0 0.963694
599 2.99771 0 0.963355
600 2.99952 0 0.96568
601 2.99565 0 0.96621
602 2.99627 0 0.96665
603 2.99844 0 0.969076
604 2.9982 0 0.970634
605 2.99869 0 0.970756
606 2.99869 0 0.970756
607 2.99869 0 0.970756
608 2.99934 0 0.970891
609 2.99934 0 0.970891
610 2.97187 0 0.965123
611 2.9991 0 0.974811
612 2.99997 0 0.972816
613 2.99589 0 0.973431
614 2.99955 0 0.976619
615 2.9952 0 0.975411
616 2.99855 0 0.978182
617 2.99974 0 0.980057
618 2.99036 0 0.977992
619 2.99763 0 0.981897
620 2.99814 0 0.983263
621 2.99221 0 0.981976
622 2.99563 0 0.984763
623 2.99907 0 0.985213
624 1.95048 0 0.682608
625 0.989199 0 0.564625
626 0.994592 0 0.565758
627 0.999108 0 0.567665
628 0.999948 0 0.56748
629 0.99979 0 0.568034
630 0.996678 0 0.567744
631 0.999421 0 0.569387
632 0.994853 0 0.568208
633 0.999315 0 0.5701
634 0.996451 0 0.569142
635 0.999114 0 0.569701
636 0.999159 0 0.570314
637 0.998993 0 0.570275
638 0.998993 0 0.570275
639 0.998993 0 0.570275
640 0.999094 0 0.570296
641 0.999094 0 0.570296
642 0.99413 0 0.569254
643 0.998899 0 0.570256
644 0.998723 0 0.570219
645 0.998723 0 0.570219
646 0.999788 0 0.570442
647 0.997559 0 0.569974
648 0.997559 0 0.569974
649 0.998597 0 0.570192
650 0.998799 0 0.570235
651 0.998799 0 0.570235
652 0.998668 0 0.570796
653 0.998668 0 0.570806
654 0.99897 0 0.57087
655 0.99897 0 0.57087
656 0.999273 0 0.570933
657 0.999273 0 0.570933
658 0.999273 0 0.570933
659 0.99721 0 0.5705
660 0.99721 0 0.5705
661 0.998073 0 0.570681
662 0.998073 0 0.570681
663 0.998073 0 0.570681
664 0.99776 0 0.570616
665 0.99776 0 0.570616
666 0.999782 0 0.57104
667 0.999782 0 0.57104
668 0.999782 0 0.57104
669 0.99911 0 0.570899
670 0.99911 0 0.570899
671 0.998539 0 0.571333
672 0.999151 0 0.572155
673 0.999733 0 0.572229
674 0.935573 0 0.558755
675 -0.00218093 0 0.287086
676 -0.00247425 0 0.362045
677 -0.00111463 0 0.362331
678 -0.00111463 0 0.362331
679 -0.000340305 0 0.362493
680 -0.000340305 0 0.362493
681 -0.00526886 0 0.361458
682 -0.00526886 0 0.361458
683 -0.00526886 0 0.361458
684 -0.00161174 0 0.362226
685 -0.00161174 0 0.362226
686 -0.00161174 0 0.362226
687 -0.00671023 0 0.361155
688 -0.00671023 0 0.361155
689 -0.00159481 0 0.36223
690 -0.00159481 0 0.36223
691 -0.00159481 0 0.36223
692 -0.00515229 0 0.361483
693 -0.00515229 0 0.361483
694 -0.00195568 0 0.362154
695 -0.00195568 0 0.362154
696 -0.000197763 0 0.362523
697 -0.000197763 0 0.362523
698 -0.000197763 0 0.362523
699 -0.00155044 0 0.362239
700 -0.00155044 0 0.362239
701 -0.00155044 0 0.362239
702 -0.00194949 0 0.362155
703 -0.00194949 0 0.362155
704 -0.000983372 0 0.362358
705 -0.000983372 0 0.362358
706 -0.000983372 0 0.362358
707 -0.00399305 0 0.361726
708 -0.00399305 0 0.361726
709 -0.00121396 0 0.36231
710 -0.00121396 0 0.36231
711 -0.00460774 0 0.361324
712 -0.00122548 0 0.362306
713 -0.00190585 0 0.362163
714 -0.00106399 0 0.362339
715 -0.0014468 0 0.362259
716 -0.00367448 0 0.361611
717 -0.0025767 0 0.36202
718 -0.00154616 0 0.362237
719 -0.00154616 0 0.362237
720 -0.00154616 0 0.362237
721 -0.000313755 0 0.362495
722 -0.000313755 0 0.362495
723 -0.00565796 0 0.361373
724 -0.00565796 0 0.361373
725 -0.00565796 0 0.361373
726 -0.00371871 0 0.36178
727 -0.00371871 0 0.36178
728 -0.00301166 0 0.361929
729 -0.00301166 0 0.361929
730 -0.00301166 0 0.361929
731 -0.00301166 0 0.361929
732 -0.00210031 0 0.36212
733 -0.00210031 0 0.36212
734 -0.00474708 0 0.361564
735 -0.00474708 0 0.361564
736 -0.00474708 0 0.361564
737 -0.000731051 0 0.362408
738 -0.000731051 0 0.362408
739 -0.00218384 0 0.362103
740 -0.00218384 0 0.362103
741 -0.00218384 0 0.362103
742 -0.00242599 0 0.362052
743 -0.00242599 0 0.362052
744 -0.00161031 0 0.362223
745 -0.00161031 0 0.362223
746 -0.00161031 0 0.362223
747 -0.00167477 0 0.36221
748 -0.00167477 0 0.36221
749 -0.00443722 0 0.36163
750 -0.00443722 0 0.36163
751 -0.00443722 0 0.36163
752 -0.00160104 0 0.362225
753 -0.00160104 0 0.362225
754 -0.00268637 0 0.361997
755 -0.00268637 0 0.361997
756 -0.00268637 0 0.361997
757 -0.00173714 0 0.362197
758 -0.00173714 0 0.362197
759 -0.00122714 0 0.362304
760 -0.00122714 0 0.362304
761 -0.00122714 0 0.362304
762 -0.000712974 0 0.362412
763 -0.000712974 0 0.362412
764 -0.00191574 0 0.362159
765 -0.00191574 0 0.362159
766 -0.00191574 0 0.362159
767 -0.0021765 0 0.362104
768 -0.0021765 0 0.362103
769 -0.000982064 0 0.362354
770 -0.000982064 0 0.362354
771 -0.000982064 0 0.362354
772 -0.0027514 0 0.361982
773 -0.0027514 0 0.361982
774 -0.00226712 0 0.362084
775 -0.00226712 0 0.362084
776 -0.00226712 0 0.362084
777 -0.00436568 0 0.361643
778 -0.00436568 0 0.361643
779 -0.000636236 0 0.362426
780 -0.000636236 0 0.362426
781 -0.000947815 0 0.362361
782 -0.000947815 0 0.362361
783 -0.000947815 0 0.362361
784 -0.000983917 0 0.362353
785 -0.000983917 0 0.362353
786 -0.000847727 0 0.362382
787 -0.000847727 0 0.362382
788 -0.000847727 0 0.362382
789 -0.00183441 0 0.362175
790 -0.00183441 0 0.362175
791 -0.00183441 0 0.362175
792 -0.00194558 0 0.362151
793 -0.00194558 0 0.362151
794 -0.00194558 0 0.362151
795 -0.0079352 0 0.360894
796 -0.0079352 0 0.360894
797 -0.0079352 0 0.360894
798 -0.00453588 0 0.361608
799 -0.00453588 0 0.361608
800 -0.00453588 0 0.361608
801 -0.00453518 0 0.361608
802 -0.00453518 0 0.361608
803 -0.00453518 0 0.361608
804 0 0 0.36256
805 0 0 0.36256
806 -0.000844988 0 0.362383
807 -0.000844988 0 0.362383
808 -0.000844988 0 0.362383
809 -0.00109413 0 0.36233
810 -0.00109413 0 0.36233
811 -0.00212764 0 0.362113
812 -0.00212764 0 0.362113
813 -0.00212764 0 0.362113
814 -0.00250468 0 0.362034
815 -0.00250468 0 0.362034
816 -0.00205639 0 0.362128
817 -0.00205639 0 0.362128
818 -0.00205639 0 0.362128
819 -0.00357648 0 0.361809
820 -0.00357648 0 0.361809
821 -0.00381305 0 0.361759
822 -0.00381305 0 0.361759
823 -0.00381305 0 0.361759
824 -0.0051969 0 0.361469
825 -0.0051969 0 0.361469
826 -0.00127903 0 0.362291
827 -0.00127903 0 0.362291
828 -0.00127903 0 0.362291
829 -0.00276036 0 0.36198
830 -0.00276036 0 0.36198
831 -0.00113906 0 0.362321
832 -0.00113906 0 0.362321
833 -0.00113906 0 0.362321
834 -0.00101422 0 0.362347
835 -0.00101422 0 0.362347
836 -0.00101422 0 0.362346
837 -0.000762994 0 0.362399
838 -0.000762994 0 0.362399
839 -0.00199719 0 0.36214
840 -0.00199719 0 0.36214
841 -0.00199719 0 0.36214
842 -0.0023917 0 0.362057
843 -0.0023917 0 0.362057
844 -0.0023917 0 0.362057
845 -0.00339397 0 0.361847
846 -0.00339397 0 0.361847
847 -0.00508487 0 0.361492
848 -0.00508487 0 0.361492
849 -0.00508487 0 0.361492
850 -0.00278434 0 0.361975
851 -0.00278434 0 0.361975
852 -0.00539151 0 0.361427
853 -0.00539151 0 0.361427
854 -0.00539151 0 0.361427
855 -0.00119765 0 0.362308
856 -0.00119765 0 0.362308
857 -0.00354104 0 0.361816
858 -0.00354104 0 0.361816
859 -0.00354104 0 0.361816
860 -0.00104857 0 0.362339
861 -0.00104857 0 0.362339
862 -0.00104857 0 0.362339
863 -0.000597385 0 0.362434
864 -0.000597385 0 0.362434
865 -0.000597385 0 0.362434
866 -0.000629897 0 0.362427
867 -0.000629897 0 0.362427
868 -0.000488163 0 0.362457
869 -0.000488163 0 0.362457
870 -0.000488163 0 0.362457
871 -0.00213847 0 0.36211
872 -0.00213847 0 0.36211
873 -0.00277649 0 0.361976
874 -0.00277649 0 0.361976
875 -0.00277649 0 0.361976
876 -0.000496266 0 0.362455
877 -0.000496266 0 0.362455
878 -0.00088769 0 0.362373
879 -0.00088769 0 0.362373
880 -0.00088769 0 0.362373
881 -0.0045815 0 0.361597
882 -0.0045815 0 0.361597
883 -0.0045815 0 0.361597
884 -0.00110225 0 0.362328
885 -0.00110225 0 0.362328
886 -0.00209861 0 0.362119
887 -0.00209861 0 0.362119
888 -0.00209861 0 0.362119
889 -0.000817328 0 0.362388
890 -0.000817328 0 0.362388
891 -0.000817328 0 0.362388
892 -0.00069895 0 0.362413
893 -0.00069895 0 0.362413
894 -0.000533543 0 0.362447
895 -0.000533543 0 0.362447
896 -0.000533543 0 0.362447
897 -0.00163849 0 0.362215
898 -0.00163849 0 0.362215
899 -0.00163849 0 0.362215
900 -0.00267425 0 0.361998
901 -0.00267425 0 0.361998
902 -0.000651158 0 0.362423
903 -0.000651158 0 0.362423
904 -0.000651158 0 0.362422
905 -0.00342438 0 0.36184
906 -0.00342438 0 0.36184
907 -0.00342438 0 0.36184
908 -0.000957043 0 0.362358
909 -0.000957043 0 0.362358
910 -0.00343494 0 0.361838
911 -0.00343494 0 0.361838
912 -0.00343494 0 0.361838
913 -0.00112482 0 0.362323
914 -0.00112482 0 0.362323
915 -0.00112482 0 0.362323
916 -0.00518914 0 0.361469
917 -0.00518914 0 0.361469
918 -0.000639587 0 0.362425
919 -0.000639587 0 0.362425
920 -0.000639587 0 0.362425
921 -0.00162406 0 0.362218
922 -0.00162406 0 0.362218
923 -0.00268243 0 0.361996
924 -0.00268243 0 0.361996
925 -0.00268243 0 0.361996
926 -0.000506557 0 0.362453
927 -0.000506557 0 0.362453
928 -0.000506557 0 0.362453
929 -0.000854686 0 0.36238
930 -0.000854686 0 0.36238
931 -0.00333925 0 0.361858
932 -0.00333925 0 0.361858
933 -0.00333925 0 0.361858
934 -0.000763497 0 0.362399
935 -0.000763497 0 0.362399
936 -0.00340731 0 0.361844
937 -0.00340731 0 0.361844
938 -0.00340731 0 0.361844
939 -0.000599504 0 0.362433
940 -0.000599504 0 0.362433
941 -0.00148613 0 0.362247
942 -0.00148613 0 0.362247
943 -0.00148613 0 0.362247
944 -0.00233238 0 0.362069
945 -0.00233238 0 0.362069
946 -0.00233238 0 0.362069
947 -0.00212453 0 0.362113
948 -0.00212453 0 0.362113
949 -0.00287828 0 0.361955
950 -0.00287828 0 0.361955
951 -0.00287828 0 0.361955
952 -0.00149351 0 0.362245
953 -0.00149351 0 0.362245
954 -0.00447007 0 0.36162
955 -0.00447007 0 0.36162
956 -0.00447007 0 0.36162
957 -0.0022308 0 0.362091
958 -0.0022308 0 0.362091
959 -0.0022308 0 0.362091
960 -0.00297252 0 0.361935
961 -0.00297252 0 0.361935
962 -0.00105522 0 0.362337
963 -0.00105522 0 0.362337
964 -0.00105522 0 0.362337
965 -0.00012785 0 0.362532
966 -0.00012785 0 0.362532
967 -0.00012785 0 0.362532
968 -0.00189343 0 0.362161
969 -0.00189343 0 0.362161
970 -0.00249028 0 0.361987
971 -0.00249028 0 0.362035
972 -0.00255587 0 0.362021
973 -0.00255587 0 0.362021
974 -0.00255587 0 0.362021
975 -0.00209004 0 0.362119
976 -0.00209004 0 0.362119
977 -0.00225381 0 0.362084
978 -0.00225381 0 0.362084
979 -0.00486332 0 0.361536
980 -0.00486332 0 0.361536
981 -0.00486332 0 0.361536
982 -0.00146491 0 0.36225
983 -0.00146491 0 0.36225
984 -0.00146491 0 0.36225
985 -0.00387964 0 0.361743
986 -0.00387964 0 0.361743
987 -0.00137545 0 0.362269
988 -0.00137545 0 0.362269
989 -0.00137545 0 0.362269
990 -0.00141026 0 0.362262
991 -0.00141026 0 0.362262
992 -0.000666115 0 0.362418
993 -0.000666115 0 0.362418
994 -0.000666115 0 0.362418
995 -0.00201012 0 0.362136
996 -0.00201012 0 0.362136
997 -0.00234103 0 0.362066
998 -0.00234103 0 0.362066
999 -0.00147769 0 0.362247
1000 -0.00147769 0 0.362247
1001 -0.00147769 0 0.362247
1002 -0.00185307 0 0.362169
1003 -0.00185307 0 0.362169
1004 -0.00185307 0 0.362169
1005 -0.0055474 0 0.361393
1006 -0.0055474 0 0.361393
1007 -0.00250344 0 0.362032
1008 -0.00250344 0 0.362032
1009 -0.00250344 0 0.362032
1010 -0.00403978 0 0.361709
1011 -0.00403978 0 0.361709
1012 -0.00133445 0 0.362277
1013 -0.00133445 0 0.362277
1014 -0.00133445 0 0.362277
1015 -0.000270104 0 0.362501
1016 -0.000270104 0 0.362501
1017 -0.00150365 0 0.362242
1018 -0.00150365 0 0.362242
1019 -0.00216171 0 0.362104
1020 -0.00216171 0 0.362104
1021 -0.00216171 0 0.362104
1022 -0.00131393 0 0.362282
1023 -0.00131393 0 0.362282
1024 -0.00131393 0 0.362282
1025 -0.00538233 0 0.361427
1026 -0.00538233 0 0.361427
1027 -0.00235854 0 0.362062
1028 -0.00235854 0 0.362062
1029 -0.00235854 0 0.362062
1030 -0.00510335 0 0.361486
1031 -0.00510335 0 0.361486
1032 -0.00287441 0 0.361954
1033 -0.00287441 0 0.361954
1034 -0.00287441 0 0.361954
1035 -0.00320266 0 0.361885
1036 -0.00320266 0 0.361885
1037 -0.00244471 0 0.362044
1038 -0.00244471 0 0.362044
1039 -0.00244471 0 0.362043
1040 -0.0017441 0 0.36219
1041 -0.0017441 0 0.36219
1042 -0.000835044 0 0.362381
1043 -0.000835044 0 0.362381
1044 -0.000835044 0 0.362381
1045 -0.00122898 0 0.362298
1046 -0.00122898 0 0.362298
1047 -0.00234824 0 0.362063
1048 -0.00234824 0 0.362063
1049 -0.00234824 0 0.362063
1050 -0.00251132 0 0.362029
1051 -0.00251132 0 0.362029
1052 -0.00181783 0 0.362175
1053 -0.00181783 0 0.362175
1054 -0.00181783 0 0.362175
1055 -0.00281812 0 0.361964
1056 -0.00281812 0 0.361964
1057 -0.00352767 0 0.361815
1058 -0.00352767 0 0.361815
1059 -0.00352767 0 0.361815
1060 -0.0030266 0 0.361921
1061 -0.0030266 0 0.361921
1062 -0.00219133 0 0.362096
1063 -0.00219133 0 0.362096
1064 -0.00219133 0 0.362096
1065 -0.00177106 0 0.362184
1066 -0.00177106 0 0.362184
1067 -0.00126131 0 0.362291
1068 -0.00126131 0 0.362291
1069 -0.000952145 0 0.362356
1070 -0.000952145 0 0.362356
1071 -0.000952145 0 0.362356
1072 -0.000831678 0 0.362382
1073 -0.000831678 0 0.362382
1074 -0.00211595 0 0.362112
1075 -0.00211595 0 0.362112
1076 -0.00211595 0 0.362112
1077 -0.00248748 0 0.362034
1078 -0.00248748 0 0.362034
1079 -0.00186526 0 0.362165
1080 -0.00186526 0 0.362165
1081 -0.00186526 0 0.362165
1082 -0.00113535 0 0.362318
1083 -0.00113535 0 0.362318
1084 -0.00414469 0 0.361686
1085 -0.00414469 0 0.361686
1086 -0.00414469 0 0.361686
1087 -0.00339591 0 0.361843
1088 -0.00339591 0 0.361843
1089 -0.00339591 0 0.361843
1090 -0.00315909 0 0.361893
1091 -0.00315909 0 0.361893
1092 -0.000856831 0 0.362376
1093 -0.000856831 0 0.362376
1094 -0.000856831 0 0.362376
1095 -0.00109989 0 0.362325
1096 -0.00109989 0 0.362325
1097 -0.000697761 0 0.36241
1098 -0.000697761 0 0.36241
1099 -0.000697761 0 0.36241
1100 -0.0019052 0 0.362156
1101 -0.0019052 0 0.362156
1102 -0.00230998 0 0.362071
1103 -0.00230998 0 0.362071
1104 -0.00230998 0 0.362071
1105 -0.00180306 0 0.362178
1106 -0.00180306 0 0.362177
1107 -0.00492379 0 0.361521
1108 -0.00492379 0 0.361521
1109 -0.00492379 0 0.361521
1110 -0.00298784 0 0.361928
1111 -0.00298784 0 0.361928
1112 -0.00298784 0 0.361924
1113 -0.00457147 0 0.361463
1114 -0.00457147 0 0.361589
1115 -0.00131218 0 0.362274
1116 -0.00131218 0 0.362274
1117 -0.00131218 0 0.362274
1118 -0.00489689 0 0.361521
1119 -0.00489689 0 0.361521
1120 -0.000760262 0 0.36239
1121 -0.000760262 0 0.36239
1122 -0.000760262 0 0.36239
1123 -0.00190855 0 0.362149
1124 -0.00190855 0 0.362149
1125 -0.0021285 0 0.362102
1126 -0.0021285 0 0.362102
1127 -0.0021285 0 0.362102
1128 -0.0011075 0 0.362317
1129 -0.0011075 0 0.362317
1130 -0.00379686 0 0.361752
1131 -0.00379686 0 0.361752
1132 -0.00379686 0 0.361752
1133 -0.00425815 0 0.361655
1134 -0.00425815 0 0.361655
1135 -0.00266595 0 0.361989
1136 -0.00266595 0 0.361989
1137 -0.00266595 0 0.361989
1138 -0.00415284 0 0.361677
1139 -0.00415284 0 0.361677
1140 -0.00123833 0 0.362289
1141 -0.00123833 0 0.362289
1142 -0.00123833 0 0.362289
1143 -0.00105701 0 0.362327
1144 -0.00105701 0 0.362327
1145 -0.000726028 0 0.362397
1146 -0.000726028 0 0.362397
1147 -0.000726028 0 0.362397
1148 -0.0020566 0 0.362117
1149 -0.0020566 0 0.362117
1150 -0.0020566 0 0.362117
1151 -0.00242412 0 0.36204
1152 -0.00242412 0 0.36204
1153 -0.00360259 0 0.361793
1154 -0.00360259 0 0.361793
1155 -0.00360259 0 0.361793
1156 -0.00501503 0 0.361496
1157 -0.00501503 0 0.361496
1158 -0.00198599 0 0.362132
1159 -0.00198599 0 0.362132
1160 -0.00198599 0 0.362132
1161 -0.00249473 0 0.362025
1162 -0.00249473 0 0.362025
1163 -0.00541055 0 0.361413
1164 -0.00541055 0 0.361413
1165 -0.00541055 0 0.361413
1166 -0.00103265 0 0.362332
1167 -0.00103265 0 0.362332
1168 -0.000896168 0 0.362361
1169 -0.000896168 0 0.362361
1170 -0.000896168 0 0.362361
1171 -0.0011701 0 0.362304
1172 -0.0011701 0 0.362304
1173 -0.00224777 0 0.362077
1174 -0.00224777 0 0.362077
1175 -0.00224777 0 0.362077
1176 -0.00251923 0 0.36202
1177 -0.00251923 0 0.36202
1178 -0.00210168 0 0.362108
1179 -0.00210168 0 0.362108
1180 -0.00210168 0 0.362108
1181 -0.00412716 0 0.361519
1182 -0.00412716 0 0.361681
1183 -0.0027017 0 0.36198
1184 -0.0027017 0 0.36198
1185 -0.00365442 0 0.36178
1186 -0.00365442 0 0.36178
1187 -0.00365442 0 0.36178
1188 -0.00168744 0 0.362193
1189 -0.00168744 0 0.362193
1190 -0.00168744 0 0.362193
1191 -0.00520925 0 0.361454
1192 -0.00520925 0 0.361454
1193 -0.00128213 0 0.362278
1194 -0.00128213 0 0.362278
1195 -0.00128213 0 0.362278
1196 -0.000301636 0 0.362484
1197 -0.000301636 0 0.362484
1198 -0.00165985 0 0.362199
1199 -0.00165985 0 0.362199
1200 -0.00235085 0 0.362054
1201 -0.00235085 0 0.362054
1202 -0.00235085 0 0.362054
1203 -0.00247912 0 0.362027
1204 -0.00247912 0 0.362027
1205 -0.00247912 0 0.362027
1206 -0.0011646 0 0.362303
1207 -0.0011646 0 0.362303
1208 -0.00435019 0 0.361634
1209 -0.00435019 0 0.361634
1210 -0.00435019 0 0.361634
1211 -0.00537429 0 0.361419
1212 -0.00537429 0 0.361419
1213 -0.00312521 0 0.361891
1214 -0.00312521 0 0.361891
1215 -0.00312521 0 0.361891
1216 -0.00333406 0 0.361847
1217 -0.00333406 0 0.361847
1218 -0.00333406 0 0.361847
1219 -0.00368922 0 0.361773
1220 -0.00368922 0 0.361773
1221 -0.000924817 0 0.362353
1222 -0.000924817 0 0.362353
1223 -0.000924817 0 0.362353
1224 -0.00079595 0 0.36238
1225 -0.00079595 0 0.36238
1226 -0.0014201 0 0.362249
1227 -0.0014201 0 0.362249
1228 -0.0014201 0 0.362249
1229 -0.0023171 0 0.362061
1230 -0.0023171 0 0.362061
1231 -0.00216329 0 0.362093
1232 -0.00216329 0 0.362093
1233 -0.00216329 0 0.362093
1234 -0.00253279 0 0.362016
1235 -0.00253279 0 0.362016
1236 -0.00253279 0 0.362016
1237 -0.00382714 0 0.361744
1238 -0.00382714 0 0.361744
1239 -0.00531701 0 0.361431
1240 -0.00531701 0 0.361431
1241 -0.00531701 0 0.361431
1242 -0.00122041 0 0.362291
1243 -0.00122041 0 0.362291
1244 -0.00441403 0 0.361621
1245 -0.00441403 0 0.361621
1246 -0.00441403 0 0.361621
1247 -0.000988118 0 0.36234
1248 -0.000988118 0 0.362339
1249 -0.000988606 0 0.362339
1250 -0.000988606 0 0.362339
1251 -0.000988606 0 0.362339
1252 -0.000667457 0 0.362407
1253 -0.000667457 0 0.362407
1254 -0.000667457 0 0.362407
1255 -0.00169056 0 0.362192
1256 -0.00169056 0 0.362192
1257 -0.00265057 0 0.36199
1258 -0.00265057 0 0.36199
1259 -0.00265057 0 0.36199
1260 -0.00278258 0 0.361963
1261 -0.00278258 0 0.361963
1262 -0.00278258 0 0.361963
1263 -0.0036349 0 0.361784
1264 -0.0036349 0 0.361784
1265 -0.00398891 0 0.361709
1266 -0.00398891 0 0.361709
1267 -0.00398891 0 0.361709
1268 -0.00522132 0 0.36145
1269 -0.00522132 0 0.36145
1270 -0.00522132 0 0.36145
1271 -0.0032969 0 0.361855
1272 -0.0032969 0 0.361855
1273 -0.0032969 0 0.361855
1274 -0.00468127 0 0.361564
1275 -0.00468127 0 0.361564
1276 -0.00253905 0 0.362014
1277 -0.00253905 0 0.362014
1278 -0.00253905 0 0.362014
1279 -0.000957622 0 0.362346
1280 -0.000957622 0 0.362346
1281 -0.000935339 0 0.36235
1282 -0.000935339 0 0.36235
1283 -0.000935339 0 0.36235
1284 -0.00140262 0 0.362252
1285 -0.00140262 0 0.362252
1286 -0.00140262 0 0.362252
1287 -0.00230246 0 0.362063
1288 -0.00230246 0 0.362063
1289 -0.00260566 0 0.362
1290 -0.00260566 0 0.362
1291 -0.00162199 0 0.362206
1292 -0.00162199 0 0.362206
1293 -0.00162199 0 0.362206
1294 -0.000893263 0 0.362359
1295 -0.000893263 0 0.362359
1296 -0.00342262 0 0.361828
1297 -0.00342262 0 0.361828
1298 -0.00342262 0 0.361828
1299 -0.00307985 0 0.3619
1300 -0.00307985 0 0.3619
1301 -0.00515208 0 0.361465
1302 -0.00515208 0 0.361465
1303 -0.0010687 0 0.362322
1304 -0.0010687 0 0.362322
1305 -0.0010687 0 0.362322
1306 -0.00232192 0 0.362059
1307 -0.00232192 0 0.362059
1308 -0.00247262 0 0.362028
1309 -0.00247262 0 0.362028
1310 -0.00247262 0 0.362028
1311 -0.00104057 0 0.362328
1312 -0.00104057 0 0.362328
1313 -0.00104057 0 0.362328
1314 -0.000752131 0 0.362389
1315 -0.000752131 0 0.362389
1316 -0.00137027 0 0.362209
1317 -0.00137027 0 0.362258
1318 -0.00137027 0 0.362258
1319 -0.00218071 0 0.362088
1320 -0.00218071 0 0.362088
1321 -0.00255036 0 0.362011
1322 -0.00255036 0 0.362011
1323 -0.00159324 0 0.362212
1324 -0.00159324 0 0.362212
1325 -0.00159324 0 0.362212
1326 -0.00167804 0 0.362194
1327 -0.00167804 0 0.362194
1328 -0.00618878 0 0.361247
1329 -0.00618878 0 0.361247
1330 -0.00618878 0 0.361247
1331 -0.00328473 0 0.361856
1332 -0.00328473 0 0.361856
1333 -0.00517185 0 0.36146
1334 -0.00517185 0 0.36146
1335 -0.00517185 0 0.36146
1336 -0.00248214 0 0.362025
1337 -0.00248214 0 0.362025
1338 -0.00248214 0 0.362025
1339 -0.00380458 0 0.361747
1340 -0.00380458 0 0.361747
1341 -0.00110283 0 0.362315
1342 -0.00110283 0 0.362315
1343 -0.00110283 0 0.362315
1344 -0.00080577 0 0.362377
1345 -0.00080577 0 0.362377
1346 -0.000779708 0 0.362382
1347 -0.000779708 0 0.362382
1348 -0.002122 0 0.362101
1349 -0.002122 0 0.362101
1350 -0.00237837 0 0.362047
1351 -0.00237837 0 0.362047
1352 -0.00237837 0 0.362047
1353 -0.000556581 0 0.362429
1354 -0.000556581 0 0.362429
1355 -0.000556581 0 0.362429
1356 -0.00083204 0 0.362371
1357 -0.00083204 0 0.362371
1358 -0.00578149 0 0.361332
1359 -0.00578149 0 0.361332
1360 -0.00578149 0 0.361332
1361 -0.00203602 0 0.362119
1362 -0.00203602 0 0.362119
1363 -0.00370208 0 0.361769
1364 -0.00370208 0 0.361769
1365 -0.00370208 0 0.361769
1366 -0.00153795 0 0.362223
1367 -0.00153795 0 0.362223
1368 -0.000832372 0 0.362371
1369 -0.000832372 0 0.362371
1370 -0.000832372 0 0.362371
1371 -0.000592631 0 0.362422
1372 -0.000592631 0 0.362422
1373 -0.00142726 0 0.362247
1374 -0.00142726 0 0.362247
1375 -0.00142726 0 0.362247
1376 -0.0025012 0 0.362021
1377 -0.0025012 0 0.362021
1378 -0.0025012 0 0.362021
1379 0 0 0.362546
1380 0 0 0.362546
1381 -0.00555143 0 0.36138
1382 -0.00555143 0 0.36138
1383 -0.00248078 0 0.362025
1384 -0.00248078 0 0.362025
1385 -0.00248078 0 0.362024
1386 -0.00369831 0 0.361768
1387 -0.00369831 0 0.361768
1388 -0.00369831 0 0.361768
1389 -0.00101174 0 0.362332
1390 -0.00101174 0 0.362332
1391 -0.00195138 0 0.362135
1392 -0.00195138 0 0.362135
1393 -0.00195138 0 0.362135
1394 -0.000725462 0 0.362392
1395 -0.000725462 0 0.362392
1396 -0.000472161 0 0.362446
1397 -0.000472161 0 0.362446
1398 -0.00141726 0 0.362247
1399 -0.00141726 0 0.362247
1400 -0.00141726 0 0.362247
1401 -0.00259476 0 0.362
1402 -0.00259476 0 0.362
1403 -0.00271992 0 0.361974
1404 -0.00271992 0 0.361974
1405 -0.00271992 0 0.361974
1406 -0.00204945 0 0.362114
1407 -0.00204945 0 0.362114
1408 -0.00096242 0 0.362343
1409 -0.00096242 0 0.362343
1410 -0.00314033 0 0.361885
1411 -0.00314033 0 0.361885
1412 -0.00314033 0 0.361885
1413 -0.00270598 0 0.361976
1414 -0.00270598 0 0.361976
1415 -0.00270598 0 0.361976
1416 -0.00416623 0 0.36167
1417 -0.00416623 0 0.36167
1418 -0.0035433 0 0.361801
1419 -0.0035433 0 0.361801
1420 -0.0035433 0 0.361801
1421 -0.00494124 0 0.361507
1422 -0.00494124 0 0.361507
1423 -0.000847988 0 0.362367
1424 -0.000847988 0 0.362367
1425 -0.00196166 0 0.362133
1426 -0.00196166 0 0.362133
1427 -0.00196166 0 0.362133
1428 -0.00236565 0 0.362048
1429 -0.00236565 0 0.362048
1430 -0.00228146 0 0.362066
1431 -0.00228146 0 0.362066
1432 -0.00228146 0 0.362066
1433 -0.00488201 0 0.36152
1434 -0.00488201 0 0.36152
1435 -0.00204787 0 0.362115
1436 -0.00204787 0 0.362115
1437 -0.00121913 0 0.362289
1438 -0.00121913 0 0.362289
1439 -0.00121913 0 0.362289
1440 -0.00314031 0 0.361885
1441 -0.00314031 0 0.361885
1442 -0.00314031 0 0.361885
1443 -0.00361258 0 0.361786
1444 -0.00361258 0 0.361786
1445 -0.00361258 0 0.361786
1446 -0.00108378 0 0.362317
1447 -0.00108378 0 0.362317
1448 -0.00383285 0 0.36174
1449 -0.00383285 0 0.36174
1450 -0.00383285 0 0.36174
1451 -0.00110915 0 0.362312
1452 -0.00110915 0 0.362311
1453 -0.00223565 0 0.362075
1454 -0.00223565 0 0.362075
1455 -0.00223565 0 0.362075
1456 -0.00270709 0 0.361976
1457 -0.00270709 0 0.361976
1458 -0.00234461 0 0.362052
1459 -0.00234461 0 0.362052
1460 -0.00234461 0 0.362052
1461 -0.00325728 0 0.36186
1462 -0.00325728 0 0.36186
1463 -0.00222898 0 0.362076
1464 -0.00222898 0 0.362076
1465 -0.00222898 0 0.362076
1466 -0.00449472 0 0.3616
1467 -0.00449472 0 0.3616
1468 -0.00228332 0 0.362065
1469 -0.00228332 0 0.362065
1470 -0.00228332 0 0.362065
1471 -0.00418706 0 0.361665
1472 -0.00418706 0 0.361665
1473 -0.0011762 0 0.362297
1474 -0.0011762 0 0.362297
1475 -0.0011762 0 0.362297
1476 -0.00110919 0 0.362311
1477 -0.00110919 0 0.362311
1478 -0.00110919 0 0.362311
1479 -0.000813539 0 0.362373
1480 -0.000813539 0 0.362373
1481 -0.00217056 0 0.362088
1482 -0.00217056 0 0.362088
1483 -0.00217056 0 0.362088
1484 -0.00252903 0 0.362013
1485 -0.00252903 0 0.362013
1486 -0.001807 0 0.362165
1487 -0.001807 0 0.362165
1488 -0.001807 0 0.362165
1489 -0.00277033 0 0.361962
1490 -0.00277033 0 0.361962
1491 -0.00516605 0 0.361459
1492 -0.00516605 0 0.361459
1493 -0.00516605 0 0.361459
1494 -0.00315228 0 0.361882
1495 -0.00315228 0 0.361882
1496 -0.00465303 0 0.361567
1497 -0.00465303 0 0.361567
1498 -0.00465303 0 0.361567
1499 -0.0013158 0 0.362268
1500 -0.0013158 0 0.362268
1501 -0.00232421 0 0.362056
1502 -0.00232421 0 0.362056
1503 -0.00232421 0 0.362056
1504 -0.000510373 0 0.362437
1505 -0.000510373 0 0.362437
1506 -0.00195957 0 0.362133
1507 -0.00195957 0 0.362133
1508 -0.00195957 0 0.362133
1509 -0.00244532 0 0.362031
1510 -0.00244532 0 0.362031
1511 -0.00171838 0 0.362183
1512 -0.00171838 0 0.362183
1513 -0.00171838 0 0.362183
1514 -0.000857234 0 0.362364
1515 -0.000857234 0 0.362364
1516 -0.00632019 0 0.361217
1517 -0.00632019 0 0.361217
1518 -0.00632019 0 0.361217
1519 -0.00104185 0 0.362325
1520 -0.00104185 0 0.362325
1521 -0.00104185 0 0.362325
1522 -0.00488964 0 0.361517
1523 -0.00488964 0 0.361517
1524 -0.00164264 0 0.362198
1525 -0.00164264 0 0.362198
1526 -0.00164264 0 0.362198
1527 -0.00114102 0 0.362304
1528 -0.00114102 0 0.362304
1529 -0.00114102 0 0.362304
1530 -0.00109188 0 0.362314
1531 -0.00109188 0 0.362314
1532 -0.000239212 0 0.362493
1533 -0.000239212 0 0.362493
1534 -0.00194823 0 0.362134
1535 -0.00194823 0 0.362134
1536 -0.00194823 0 0.362134
1537 -0.00253434 0 0.362011
1538 -0.00253434 0 0.362011
1539 -0.00253434 0 0.362011
1540 -0.00207592 0 0.362108
1541 -0.00207592 0 0.362108
1542 -0.00219042 0 0.362083
1543 -0.00219042 0 0.362083
1544 -0.00219042 0 0.362083
1545 -0.00240381 0 0.362039
1546 -0.00240381 0 0.362039
1547 -0.00485133 0 0.361525
1548 -0.00485133 0 0.361525
1549 -0.00485133 0 0.361525
1550 -0.000859976 0 0.362363
1551 -0.000859976 0 0.362363
1552 -0.00193558 0 0.362137
1553 -0.00193558 0 0.362137
1554 -0.00193558 0 0.362137
1555 -0.00101758 0 0.36233
1556 -0.00101758 0 0.36233
1557 -0.000925283 0 0.362349
1558 -0.000925283 0 0.362349
1559 -0.000925283 0 0.362349
1560 -0.00113687 0 0.362305
1561 -0.00113687 0 0.362305
1562 -0.00216931 0 0.362088
1563 -0.00216931 0 0.362088
1564 -0.00216931 0 0.362088
1565 -0.00257639 0 0.362002
1566 -0.00257639 0 0.362002
1567 -0.00257639 0 0.362002
1568 -0.00161047 0 0.362205
1569 -0.00161047 0 0.362205
1570 -0.00202267 0 0.362119
1571 -0.00202267 0 0.362119
1572 -0.00521773 0 0.361448
1573 -0.00521773 0 0.361448
1574 -0.00521773 0 0.361448
1575 -0.00146761 0 0.362235
1576 -0.00146761 0 0.362235
1577 -0.00146761 0 0.362235
1578 -0.00484526 0 0.361526
1579 -0.00484526 0 0.361526
1580 -0.00139368 0 0.362251
1581 -0.00139368 0 0.362251
1582 -0.00139368 0 0.362251
1583 -0.00117265 0 0.362297
1584 -0.00117265 0 0.362297
1585 -0.00117265 0 0.362297
1586 -0.00189249 0 0.362146
1587 -0.00189249 0 0.362146
1588 -0.000921876 0 0.36235
1589 -0.000921876 0 0.362349
1590 -0.000921876 0 0.362349
1591 -0.0022223 0 0.362076
1592 -0.00250535 0 0.362017
1593 -0.00250535 0 0.362017
1594 -0.00230312 0 0.362059
1595 -0.00230312 0 0.362059
1596 -0.00215191 0 0.362091
1597 -0.00215191 0 0.362091
1598 -0.00215191 0 0.362091
1599 -0.00540984 0 0.361407
1600 -0.00540984 0 0.361407
1601 -0.0032641 0 0.361857
1602 -0.0032641 0 0.361857
1603 -0.0032641 0 0.361857
1604 -0.00483344 0 0.361528
1605 -0.00483344 0 0.361528
1606 -0.0013965 0 0.36225
1607 -0.0013965 0 0.36225
1608 -0.00234854 0 0.36205
1609 -0.00234854 0 0.36205
1610 -0.00234854 0 0.36205
1611 -0.000720808 0 0.362392
1612 -0.000720808 0 0.362392
1613 -0.000720808 0 0.362392
1614 -0.00184983 0 0.362154
1615 -0.00184983 0 0.362154
1616 -0.00242269 0 0.362034
1617 -0.00242269 0 0.362034
1618 -0.00242269 0 0.362034
1619 -0.0021494 0 0.362092
1620 -0.0021494 0 0.362092
1621 -0.0021494 0 0.362092
1622 -0.00520339 0 0.36145
1623 -0.00520339 0 0.36145
1624 -0.00281952 0 0.361951
1625 -0.00281952 0 0.361951
1626 -0.00281952 0 0.361951
1627 -0.00370167 0 0.361766
1628 -0.00370167 0 0.361766
1629 -0.00470737 0 0.361554
1630 -0.00470737 0 0.361554
1631 -0.00470737 0 0.361554
1632 -0.000617513 0 0.362413
1633 -0.000617513 0 0.362413
1634 -0.0011668 0 0.362298
1635 -0.0011668 0 0.362298
1636 -0.0011668 0 0.362298
1637 0 0 0.362543
1638 0 0 0.362543
1639 -0.00205447 0 0.362111
1640 -0.00205447 0 0.362111
1641 -0.00342804 0 0.361823
1642 -0.00342804 0 0.361823
1643 -0.00342804 0 0.361823
1644 -0.00141039 0 0.362247
1645 -0.00141039 0 0.362247
1646 -0.00342912 0 0.361823
1647 -0.00342912 0 0.361823
1648 -0.00342912 0 0.361823
1649 -0.000855455 0 0.362363
1650 -0.000855455 0 0.362363
1651 -0.00203762 0 0.362115
1652 -0.00203762 0 0.362115
1653 -0.00203762 0 0.362115
1654 -0.00110148 0 0.362312
1655 -0.00110148 0 0.362311
1656 -0.00210772 0 0.3621
1657 -0.00210772 0 0.3621
1658 -0.00231099 0 0.362057
1659 -0.00231099 0 0.362057
1660 -0.00231099 0 0.362057
1661 -0.00194051 0 0.362135
1662 -0.00194051 0 0.362135
1663 -0.00244945 0 0.362028
1664 -0.00244945 0 0.362028
1665 -0.0026747 0 0.361981
1666 -0.0026747 0 0.361981
1667 -0.0026747 0 0.361981
1668 -0.00203682 0 0.362114
1669 -0.00203682 0 0.362114
1670 -0.0029856 0 0.361915
1671 -0.0029856 0 0.361915
1672 -0.00293663 0 0.361926
1673 -0.00293663 0 0.361926
1674 -0.00293663 0 0.361926
1675 -0.00130489 0 0.362268
1676 -0.00130489 0 0.362268
1677 -0.000974641 0 0.362338
1678 -0.000974641 0 0.362338
1679 -0.000974641 0 0.362338
1680 -0.00211474 0 0.362098
1681 -0.00211474 0 0.362098
1682 -0.0021682 0 0.362087
1683 -0.0021682 0 0.362087
1684 -0.0021682 0 0.362087
1685 -0.00149578 0 0.362228
1686 -0.00149578 0 0.362228
1687 -0.000100998 0 0.362521
1688 -0.000100998 0 0.362521
1689 -0.00442372 0 0.361613
1690 -0.00442372 0 0.361613
1691 -0.00442372 0 0.361613
1692 -0.00228707 0 0.362062
1693 -0.00228707 0 0.362062
1694 -0.00457234 0 0.361582
1695 -0.00457234 0 0.361582
1696 -0.00457234 0 0.361582
1697 -0.00138692 0 0.362251
1698 -0.00138692 0 0.362251
1699 -0.00111691 0 0.362308
1700 -0.00111691 0 0.362308
1701 -0.00111691 0 0.362308
1702 -0.000908337 0 0.362351
1703 -0.000908337 0 0.362351
1704 -0.00118613 0 0.362293
1705 -0.00118613 0 0.362293
1706 -0.00118613 0 0.362293
1707 -0.00216969 0 0.362087
1708 -0.00216969 0 0.362087
1709 -0.0023003 0 0.362059
1710 -0.0023003 0 0.362059
1711 -0.00268734 0 0.361978
1712 -0.00268734 0 0.361978
1713 -0.00268734 0 0.361978
1714 -0.0017828 0 0.362168
1715 -0.0017828 0 0.362168
1716 -0.00267126 0 0.361981
1717 -0.00267126 0 0.361981
1718 -0.002841 0 0.361946
1719 -0.002841 0 0.361946
1720 -0.002841 0 0.361946
1721 -0.00133323 0 0.362262
1722 -0.00133323 0 0.362262
1723 -0.00105506 0 0.362342
1724 -0.00105506 0 0.36232
1725 -0.000648552 0 0.362405
1726 -0.000648552 0 0.362405
1727 -0.000648552 0 0.362405
1728 0 0 0.362542
1729 0 0 0.362542
1730 -0.000812147 0 0.362371
1731 -0.000812147 0 0.362371
1732 -0.000812147 0 0.362371
1733 -0.00233063 0 0.362052
1734 -0.00233063 0 0.362052
1735 -0.00104425 0 0.362322
1736 -0.00104425 0 0.362322
1737 -0.00251618 0 0.362013
1738 -0.00251618 0 0.362013
1739 -0.00251618 0 0.362013
1740 -0.000902569 0 0.362352
1741 -0.000902569 0 0.362352
1742 -0.00077456 0 0.362379
1743 -0.00077456 0 0.362379
1744 -0.00077456 0 0.362379
1745 -0.000805338 0 0.362372
1746 -0.000805338 0 0.362372
1747 -0.00208252 0 0.362104
1748 -0.00208252 0 0.362104
1749 -0.00240012 0 0.362037
1750 -0.00240012 0 0.362037
1751 -0.00285214 0 0.361943
1752 -0.00285214 0 0.361943
1753 -0.00285214 0 0.361943
1754 -0.00192033 0 0.362138
1755 -0.00192033 0 0.362138
1756 -0.00192033 0 0.362138
1757 -0.00486663 0 0.36152
1758 -0.00486663 0 0.36152
1759 -0.00289927 0 0.361933
1760 -0.00289927 0 0.361933
1761 -0.00441567 0 0.361614
1762 -0.00441567 0 0.361614
1763 -0.00441567 0 0.361614
1764 -0.00137965 0 0.362252
1765 -0.00137965 0 0.362252
1766 -0.00112391 0 0.362305
1767 -0.00112391 0 0.362305
1768 -0.00112391 0 0.362305
1769 -0.00108881 0 0.362313
1770 -0.00108881 0 0.362313
1771 -7.86937e-05 0 0.362525
1772 -7.86937e-05 0 0.362525
1773 -0.00165383 0 0.362194
1774 -0.00165383 0 0.362194
1775 -0.00165383 0 0.362194
1776 -0.00246019 0 0.362025
1777 -0.00246019 0 0.362025
1778 -0.0024101 0 0.362035
1779 -0.0024101 0 0.362035
1780 -0.0024101 0 0.362035
1781 -0.00386266 0 0.36173
1782 -0.00386266 0 0.36173
1783 -0.00219672 0 0.36208
1784 -0.00219672 0 0.36208
1785 -0.00219672 0 0.36208
1786 -0.00449012 0 0.361599
1787 -0.00449012 0 0.361599
1788 -0.00354491 0 0.361797
1789 -0.00354491 0 0.361797
1790 -0.00354491 0 0.361797
1791 -0.0013364 0 0.362436
1792 -0.0013364 0 0.362259
1793 -0.00105553 0 0.362318
1794 -0.00105553 0 0.362318
1795 -0.00105553 0 0.362318
1796 -0.000957028 0 0.362339
1797 -0.000957028 0 0.362339
1798 -0.000794426 0 0.362373
1799 -0.000794426 0 0.362373
1800 -0.000794426 0 0.362373
1801 -0.00202024 0 0.362116
1802 -0.00202024 0 0.362116
1803 -0.00227529 0 0.362062
1804 -0.00227529 0 0.362062
1805 -0.00127419 0 0.362272
1806 -0.00127419 0 0.362272
1807 -0.00127419 0 0.362272
1808 -0.00197639 0 0.362125
1809 -0.00197639 0 0.362125
1810 -0.00247656 0 0.36202
1811 -0.00247656 0 0.36202
1812 -0.00342103 0 0.361822
1813 -0.00342103 0 0.361822
1814 -0.00342103 0 0.361822
1815 -0.00138128 0 0.36225
1816 -0.00138128 0 0.36225
1817 -0.00163247 0 0.362197
1818 -0.00163247 0 0.362197
1819 -0.000322697 0 0.362472
1820 -0.000322697 0 0.362472
1821 -0.000322697 0 0.362472
1822 -0.00159719 0 0.362205
1823 -0.00159719 0 0.362205
1824 -0.0016712 0 0.362189
1825 -0.0016712 0 0.362189
1826 -0.0016712 0 0.362189
1827 -0.00336469 0 0.361833
1828 -0.00336469 0 0.361833
1829 -0.000887932 0 0.362354
1830 -0.000887932 0 0.362354
1831 -0.00305195 0 0.361899
1832 -0.00305195 0 0.361899
1833 -0.00305195 0 0.361899
1834 -0.00131015 0 0.362265
1835 -0.00131015 0 0.362265
1836 -0.000976475 0 0.362335
1837 -0.000976475 0 0.362335
1838 -0.000566916 0 0.362421
1839 -0.000566916 0 0.362421
1840 -0.000566916 0 0.362421
1841 -0.00185082 0 0.362151
1842 -0.00185082 0 0.362151
1843 -0.00223503 0 0.362071
1844 -0.00223503 0 0.362071
1845 -0.000572265 0 0.36242
1846 -0.000572265 0 0.36242
1847 -0.000572265 0 0.36242
1848 -0.0012543 0 0.362277
1849 -0.0012543 0 0.362277
1850 -0.00514303 0 0.36146
1851 -0.00514303 0 0.36146
1852 -0.00514303 0 0.36146
1853 -0.00120308 0 0.362287
1854 -0.00120308 0 0.362287
1855 -0.00227986 0 0.362061
1856 -0.00227986 0 0.362061
1857 -0.000218195 0 0.362494
1858 -0.000218195 0 0.362494
1859 -0.000218195 0 0.362494
1860 -0.0016707 0 0.362189
1861 -0.0016707 0 0.362189
1862 0 0 0.36254
1863 0 0 0.36254
1864 -0.00267877 0 0.361977
1865 -0.00267877 0 0.361977
1866 -0.00379692 0 0.361743
1867 -0.00379692 0 0.361743
1868 -0.00379692 0 0.361743
1869 -0.000940174 0 0.362342
1870 -0.000940174 0 0.362342
1871 -0.00363182 0 0.361777
1872 -0.00363182 0 0.361777
1873 -0.00363182 0 0.361777
1874 -0.00106375 0 0.362317
1875 -0.00106375 0 0.362317
1876 -0.000800214 0 0.362372
1877 -0.000800214 0 0.362372
1878 -0.000800214 0 0.362372
1879 -0.000867971 0 0.362358
1880 -0.000867971 0 0.362358
1881 -0.00204148 0 0.362111
1882 -0.00204148 0 0.362111
1883 -0.00204148 0 0.362111
1884 -0.00247281 0 0.362021
1885 -0.00247281 0 0.362021
1886 -0.00299727 0 0.36191
1887 -0.00299727 0 0.36191
1888 -0.00299727 0 0.36191
1889 -0.00138155 0 0.36225
1890 -0.00138155 0 0.36225
1891 -0.00342551 0 0.361821
1892 -0.00342551 0 0.361821
1893 -0.00342551 0 0.361821
1894 -0.00126778 0 0.362274
1895 -0.00126778 0 0.362274
1896 -0.00362025 0 0.36178
1897 -0.00362025 0 0.36178
1898 -0.00105071 0 0.362319
1899 -0.00105071 0 0.362319
1900 -0.00105071 0 0.362319
1901 -6.72807e-05 0 0.362526
1902 -6.72807e-05 0 0.362526
1903 -0.0015901 0 0.362206
1904 -0.0015901 0 0.362206
1905 -0.0015901 0 0.362206
1906 -0.0023854 0 0.362039
1907 -0.0023854 0 0.362039
1908 -0.00171674 0 0.362179
1909 -0.00171674 0 0.362179
1910 -0.0024449 0 0.362026
1911 -0.0024449 0 0.362026
1912 -0.0024449 0 0.362026
1913 -0.000590983 0 0.362416
1914 -0.000590983 0 0.362416
1915 -0.00260885 0 0.361992
1916 -0.00260885 0 0.361992
1917 -0.00260885 0 0.361992
1918 -0.00386303 0 0.361729
1919 -0.00386303 0 0.361729
1920 -0.00324248 0 0.361859
1921 -0.00324248 0 0.361859
1922 -0.00324248 0 0.361859
1923 -0.000544147 0 0.362426
1924 -0.000544147 0 0.362426
1925 -0.00175784 0 0.362171
1926 -0.00175784 0 0.362171
1927 0 0 0.36268
1928 0 0 0.362539
1929 0 0 0.362539
1930 -0.00388288 0 0.361724
1931 -0.00456842 0 0.36158
1932 -0.00456842 0 0.36158
1933 -0.00109835 0 0.362309
1934 -0.00109835 0 0.362309
1935 -0.00446445 0 0.361602
1936 -0.00446445 0 0.361602
1937 -0.00446445 0 0.361602
1938 -0.00110131 0 0.362308
1939 -0.00110131 0 0.362308
1940 -0.000825024 0 0.362366
1941 -0.000825024 0 0.362366
1942 -0.000825024 0 0.362366
1943 -0.000662695 0 0.3624
1944 -0.000662695 0 0.3624
1945 -0.000331242 0 0.36247
1946 -0.000331242 0 0.36247
1947 -0.000331242 0 0.36247
1948 -0.0019806 0 0.362123
1949 -0.0019806 0 0.362123
1950 -0.00279132 0 0.361953
1951 -0.00279132 0 0.361953
1952 -0.00279132 0 0.361953
1953 -0.00043647 0 0.362448
1954 -0.00043647 0 0.362448
1955 -0.001555 0 0.362213
1956 -0.001555 0 0.362213
1957 -0.001555 0 0.362213
1958 -0.000735899 0 0.362385
1959 -0.000735899 0 0.362385
1960 -0.00196007 0 0.362128
1961 -0.00196007 0 0.362128
1962 -0.00196007 0 0.362128
1963 -0.000823703 0 0.362366
1964 -0.000823703 0 0.362366
1965 -0.000774756 0 0.362377
1966 -0.000774756 0 0.362377
1967 -0.000774756 0 0.362377
1968 -0.000646748 0 0.362404
1969 -0.000646748 0 0.362404
1970 -0.000512092 0 0.362432
1971 -0.000512092 0 0.362432
1972 -0.000512092 0 0.362432
1973 -0.00170326 0 0.362182
1974 -0.00170326 0 0.362182
1975 -0.00249776 0 0.362015
1976 -0.00249776 0 0.362015
1977 -0.00249776 0 0.362015
1978 0 0 0.362539
1979 0 0 0.362539
1980 -0.00498858 0 0.361492
1981 -0.00498858 0 0.361492
1982 -0.00498858 0 0.361492
1983 -0.00482176 0 0.361527
1984 -0.00482176 0 0.361527
1985 -0.00103178 0 0.362323
1986 -0.00103178 0 0.362323
1987 -0.000972069 0 0.362335
1988 -0.000972069 0 0.362335
1989 -0.000972069 0 0.362335
1990 -0.000774925 0 0.362377
1991 -0.000774925 0 0.362377
1992 -0.000695947 0 0.362393
1993 -0.000695947 0 0.362393
1994 -0.000695947 0 0.362393
1995 -0.000956643 0 0.362338
1996 -0.000956643 0 0.362338
1997 -0.00216409 0 0.362085
1998 -0.00216409 0 0.362085
1999 -0.00216409 0 0.362085
2000 -0.00246768 0 0.362021
2001 -0.00246768 0 0.362021
2002 -0.00182074 0 0.362157
2003 -0.00182074 0 0.362157
2004 -0.00366884 0 0.361769
2005 -0.00366884 0 0.361769
2006 -0.00366884 0 0.361769
2007 -0.00235067 0 0.362045
2008 -0.00235067 0 0.362045
2009 -0.0036872 0 0.361765
2010 -0.0036872 0 0.361765
2011 -0.00135239 0 0.362255
2012 -0.00135239 0 0.362255
2013 -0.00135239 0 0.362255
2014 -0.00372511 0 0.361757
2015 -0.00372511 0 0.361757
2016 -0.00106142 0 0.362316
2017 -0.00106142 0 0.362316
2018 -0.000856449 0 0.362359
2019 -0.000856449 0 0.362359
2020 -0.000856449 0 0.362359
2021 -0.00108059 0 0.362312
2022 -0.00108059 0 0.362312
2023 -0.00108059 0 0.362312
2024 -0.0021777 0 0.362082
2025 -0.0021777 0 0.362082
2026 -0.00233643 0 0.362048
2027 -0.00233643 0 0.362048
2028 -0.00233643 0 0.362048
2029 -0.00189544 0 0.362141
2030 -0.00189544 0 0.362141
2031 -0.00355146 0 0.361793
2032 -0.00355146 0 0.361793
2033 -0.00355146 0 0.361793
2034 -0.00379707 0 0.361742
2035 -0.00379707 0 0.361742
2036 -0.000469923 0 0.36244
2037 -0.000469923 0 0.36244
2038 -0.000469923 0 0.36244
2039 -0.00316915 0 0.361873
2040 -0.00316915 0 0.361873
2041 -0.00126603 0 0.362273
2042 -0.00126603 0 0.362273
2043 -0.00126603 0 0.362273
2044 -0.0033741 0 0.36183
2045 -0.0033741 0 0.36183
2046 -0.000676363 0 0.362397
2047 -0.000676363 0 0.362397
2048 -0.00197398 0 0.362124
2049 -0.00197398 0 0.362124
2050 -0.00197398 0 0.362124
2051 -0.00237701 0 0.36204
2052 -0.00237701 0 0.36204
2053 -0.00204303 0 0.36211
2054 -0.00204303 0 0.36211
2055 -0.00233486 0 0.362049
2056 -0.00233486 0 0.362049
2057 -0.00233486 0 0.362049
2058 -0.00408051 0 0.361682
2059 -0.00408051 0 0.361682
2060 -0.00286407 0 0.361938
2061 -0.00286407 0 0.361938
2062 -0.00286407 0 0.361936
2063 -0.0030475 0 0.361897
2064 -0.00360754 0 0.36178
2065 -0.00360754 0 0.36178
2066 -0.00360754 0 0.36178
2067 -0.000167625 0 0.362502
2068 -0.000167625 0 0.362502
2069 -0.000167625 0 0.362502
2070 -0.00133654 0 0.362257
2071 -0.00133654 0 0.362257
2072 -0.0010547 0 0.362316
2073 -0.0010547 0 0.362316
2074 -0.0010547 0 0.362316
2075 -0.00153223 0 0.362215
2076 -0.00153223 0 0.362215
2077 -0.00534498 0 0.361415
2078 -0.00534498 0 0.361415
2079 -0.00534498 0 0.361415
2080 -0.00132437 0 0.362259
2081 -0.00132437 0 0.362259
2082 -0.00132437 0 0.362259
2083 0 0 0.362537
2084 0 0 0.362537
2085 -0.00339231 0 0.361825
2086 -0.00339231 0 0.361825
2087 -0.00339231 0 0.361825
2088 -0.00339231 0 0.361825
2089 -0.000759254 0 0.362378
2090 -0.000759254 0 0.362378
2091 -0.00356809 0 0.361788
2092 -0.00356809 0 0.361788
2093 -0.00127114 0 0.36227
2094 -0.00127114 0 0.36227
2095 -0.00127114 0 0.36227
2096 -0.00239991 0 0.362033
2097 -0.00239991 0 0.362033
2098 -0.00263532 0 0.361984
2099 -0.00263532 0 0.361984
2100 -0.00263532 0 0.361984
2101 -0.00211867 0 0.362092
2102 -0.00211867 0 0.362092
2103 -0.00211867 0 0.362092
2104 -8.03298e-05 0 0.36252
2105 -8.03298e-05 0 0.36252
2106 -0.00517365 0 0.361451
2107 -0.00517365 0 0.361451
2108 -0.000992433 0 0.362329
2109 -0.000992433 0 0.362329
2110 -0.000992433 0 0.362329
2111 -0.00416785 0 0.361662
2112 -0.00416785 0 0.361662
2113 -0.0013212 0 0.36226
2114 -0.0013212 0 0.36226
2115 -0.0013212 0 0.36226
2116 -0.00114451 0 0.362297
2117 -0.00114451 0 0.362297
2118 -0.000443039 0 0.362444
2119 -0.000443039 0 0.362444
2120 -0.00187577 0 0.362143
2121 -0.00187577 0 0.362143
2122 -0.00187577 0 0.362143
2123 -0.00233945 0 0.362046
2124 -0.00233945 0 0.362046
2125 -0.00185204 0 0.362148
2126 -0.00185204 0 0.362148
2127 -7.79599e-05 0 0.362521
2128 -7.79599e-05 0 0.362521
2129 -7.79599e-05 0 0.362521
2130 -0.00288127 0 0.361707
2131 -0.00288127 0 0.361931
2132 -0.00233369 0 0.362046
2133 -0.00233369 0 0.362046
2134 -0.00233369 0 0.362046
2135 -0.00365364 0 0.361769
2136 -0.00365364 0 0.361769
2137 -0.00234382 0 0.362044
2138 -0.00234382 0 0.362044
2139 -0.00234382 0 0.362044
2140 -0.00101637 0 0.362323
2141 -0.00101637 0 0.362323
2142 -0.00101637 0 0.362323
2143 -0.00249495 0 0.362012
2144 -0.00249495 0 0.362012
2145 -0.00369296 0 0.361761
2146 -0.00369296 0 0.361761
2147 -0.00369296 0 0.361761
2148 -0.001143 0 0.362296
2149 -0.001143 0 0.362296
2150 -0.00229107 0 0.362055
2151 -0.00229107 0 0.362055
2152 -0.00229107 0 0.362055
2153 -0.00263107 0 0.361984
2154 -0.00263107 0 0.361984
2155 -0.00186594 0 0.362145
2156 -0.00186594 0 0.362145
2157 -0.00128261 0 0.362267
2158 -0.00128261 0 0.362267
2159 -0.00128261 0 0.362267
2160 -0.00178507 0 0.362162
2161 -0.00178507 0 0.362162
2162 -0.00584712 0 0.361308
2163 -0.00584712 0 0.361308
2164 -0.00584712 0 0.361308
2165 -0.00152293 0 0.362217
2166 -0.00152293 0 0.362217
2167 -0.00386453 0 0.361725
2168 -0.00386453 0 0.361725
2169 -0.00386453 0 0.361725
2170 -0.000209656 0 0.362492
2171 -0.000209656 0 0.362492
2172 -0.00161009 0 0.362198
2173 -0.00161009 0 0.362198
2174 -0.00207976 0 0.3621
2175 -0.00207976 0 0.3621
2176 -0.00207976 0 0.3621
2177 -0.00150289 0 0.362221
2178 -0.00150289 0 0.362221
2179 -9.41394e-05 0 0.362517
2180 -9.41394e-05 0 0.362517
2181 -9.41394e-05 0 0.362517
2182 -0.00418187 0 0.361658
2183 -0.00418187 0 0.361658
2184 0 0 0.362536
2185 0 0 0.362536
2186 0 0 0.362536
2187 -0.00214147 0 0.362087
2188 -0.00214147 0 0.362087
2189 -0.00117028 0 0.362291
2190 -0.00117028 0 0.362291
2191 -0.00114385 0 0.362296
2192 -0.00114385 0 0.362296
2193 -0.00114385 0 0.362296
2194 -0.000620335 0 0.362406
2195 -0.000620335 0 0.362406
2196 -0.00164152 0 0.362192
2197 -0.00164152 0 0.362192
2198 -0.00164152 0 0.362191
2199 -0.002199 0 0.362074
2200 -0.002199 0 0.362074
2201 -0.00124819 0 0.362273
2202 -0.00124819 0 0.362273
2203 -0.00403172 0 0.361689
2204 -0.00403172 0 0.361689
2205 -0.00403172 0 0.361689
2206 -0.0018657 0 0.362144
2207 -0.0018657 0 0.362144
2208 -0.00490083 0 0.361506
2209 -0.00490083 0 0.361506
2210 -0.00490083 0 0.361506
2211 0 0 0.362535
2212 0 0 0.362535
2213 -0.00296432 0 0.361913
2214 -0.00296432 0 0.361913
2215 -0.000743783 0 0.362379
2216 -0.000743783 0 0.362379
2217 -0.000743783 0 0.362379
2218 -0.00154747 0 0.36221
2219 -0.00154747 0 0.36221
2220 -0.00187382 0 0.362142
2221 -0.00187382 0 0.362142
2222 -0.00303909 0 0.361897
2223 -0.00303909 0 0.361897
2224 -0.00303909 0 0.361897
2225 -0.00283779 0 0.361939
2226 -0.00283779 0 0.361939
2227 -0.00273582 0 0.361961
2228 -0.00273582 0 0.361961
2229 -0.00160835 0 0.362198
2230 -0.00160835 0 0.362198
2231 -0.00160835 0 0.362198
2232 -0.00267329 0 0.361974
2233 -0.00267329 0 0.361974
2234 -0.0012253 0 0.362278
2235 -0.0012253 0 0.362278
2236 -0.0012253 0 0.362278
2237 -0.00021104 0 0.362491
2238 -0.00021104 0 0.362491
2239 -0.00133521 0 0.362255
2240 -0.00133521 0 0.362255
2241 -0.00213001 0 0.362088
2242 -0.00213001 0 0.362088
2243 -0.00213001 0 0.362088
2244 -0.0022453 0 0.362064
2245 -0.0022453 0 0.362064
2246 -0.000989647 0 0.362328
2247 -0.000989647 0 0.362328
2248 -0.00183251 0 0.362151
2249 -0.00183251 0 0.362151
2250 -0.00183251 0 0.362151
2251 -0.00496121 0 0.361494
2252 -0.00496121 0 0.361494
2253 -0.00496121 0 0.361494
2254 -0.00148541 0 0.362223
2255 -0.00148541 0 0.362223
2256 -0.00477004 0 0.361534
2257 -0.00477004 0 0.361534
2258 -0.00477004 0 0.361534
2259 -0.00133984 0 0.362254
2260 -0.00133984 0 0.362254
2261 -0.00117458 0 0.362289
2262 -0.00117458 0 0.362289
2263 -0.000679848 0 0.362393
2264 -0.000679848 0 0.362393
2265 -0.000679848 0 0.362393
2266 -0.00190964 0 0.362035
2267 -0.00190964 0 0.362134
2268 -0.00234959 0 0.362041
2269 -0.00234959 0 0.362041
2270 -0.00292581 0 0.36192
2271 -0.00292581 0 0.36192
2272 -0.00292581 0 0.36192
2273 -0.00360576 0 0.361777
2274 -0.00360576 0 0.361777
2275 -0.00436949 0 0.361617
2276 -0.00436949 0 0.361617
2277 -0.00436949 0 0.361617
2278 -0.00360122 0 0.361778
2279 -0.00360122 0 0.361778
2280 -0.00155893 0 0.362207
2281 -0.00155893 0 0.362207
2282 -0.00134893 0 0.362251
2283 -0.00134893 0 0.362251
2284 -0.00134893 0 0.362251
2285 -0.00097241 0 0.36233
2286 -0.00097241 0 0.36233
2287 -0.000760796 0 0.362375
2288 -0.000760796 0 0.362375
2289 -0.000760796 0 0.362375
2290 -0.000961311 0 0.362333
2291 -0.000961311 0 0.362333
2292 -0.00206288 0 0.362101
2293 -0.00206288 0 0.362101
2294 -0.00206288 0 0.362101
2295 -0.00261563 0 0.361985
2296 -0.00261563 0 0.361985
2297 -0.00272398 0 0.361963
2298 -0.00272398 0 0.361963
2299 -0.00272398 0 0.361963
2300 -0.00301868 0 0.361901
2301 -0.00301868 0 0.361901
2302 -0.00450979 0 0.361588
2303 -0.00450979 0 0.361588
2304 -0.00450979 0 0.361588
2305 -0.00130529 0 0.36226
2306 -0.00130529 0 0.36226
2307 -0.00409771 0 0.361674
2308 -0.00409771 0 0.361674
2309 -0.00123578 0 0.362275
2310 -0.00123578 0 0.362275
2311 -0.00123578 0 0.362275
2312 -0.000952767 0 0.362335
2313 -0.000952767 0 0.362335
2314 -0.000952767 0 0.362335
2315 -0.000609046 0 0.362407
2316 -0.000609046 0 0.362407
2317 -0.00185825 0 0.362144
2318 -0.00185825 0 0.362144
2319 -0.00185825 0 0.362144
2320 -0.00254716 0 0.362
2321 -0.00254716 0 0.362
2322 -0.00143992 0 0.362232
2323 -0.00143992 0 0.362232
2324 -0.00143992 0 0.362232
2325 -0.003691 0 0.361759
2326 -0.003691 0 0.361759
2327 -0.00496089 0 0.361493
2328 -0.00496089 0 0.361493
2329 -0.00138524 0 0.362244
2330 -0.00138524 0 0.362244
2331 -0.00138524 0 0.362244
2332 -0.00389498 0 0.361514
2333 -0.00389498 0 0.361715
2334 -0.0014233 0 0.362234
2335 -0.0014233 0 0.362234
2336 -0.000753787 0 0.362375
2337 -0.000753787 0 0.362375
2338 -0.000753787 0 0.362375
2339 -0.00105408 0 0.362312
2340 -0.00105408 0 0.362312
2341 -0.00194426 0 0.362125
2342 -0.00194426 0 0.362125
2343 -0.00194426 0 0.362125
2344 -0.00160694 0 0.362196
2345 -0.00160694 0 0.362196
2346 -0.00380734 0 0.361733
2347 -0.00380734 0 0.361733
2348 -0.00380734 0 0.361733
2349 -0.00269747 0 0.361967
2350 -0.00269747 0 0.361967
2351 -0.00226741 0 0.362057
2352 -0.00226741 0 0.362057
2353 -0.000737446 0 0.362378
2354 -0.000737446 0 0.362378
2355 -0.000737446 0 0.362378
2356 -0.000269695 0 0.362476
2357 -0.000269695 0 0.362476
2358 -0.00131411 0 0.362257
2359 -0.00131411 0 0.362257
2360 -0.0019803 0 0.362117
2361 -0.0019803 0 0.362117
2362 -0.00174019 0 0.362168
2363 -0.00174019 0 0.362168
2364 -0.00174019 0 0.362168
2365 -0.00122185 0 0.362276
2366 -0.00122185 0 0.362276
2367 -0.00122185 0 0.362276
2368 -0.00575285 0 0.361325
2369 -0.00575285 0 0.361325
2370 -0.00575285 0 0.361325
2371 -0.00402994 0 0.361687
2372 -0.00402994 0 0.361687
2373 -0.00201963 0 0.362109
2374 -0.00201963 0 0.362109
2375 -0.00201963 0 0.362109
2376 -0.00264888 0 0.361977
2377 -0.00264888 0 0.361977
2378 -0.00117528 0 0.362286
2379 -0.00117528 0 0.362286
2380 -0.000583525 0 0.36241
2381 -0.000583525 0 0.36241
2382 -0.000583525 0 0.36241
2383 -0.00192453 0 0.362129
2384 -0.00192453 0 0.362129
2385 -0.00220513 0 0.36207
2386 -0.00220513 0 0.36207
2387 -0.00220513 0 0.36207
2388 -0.00161411 0 0.362194
2389 -0.00161411 0 0.362194
2390 -0.00385092 0 0.361724
2391 -0.00385092 0 0.361724
2392 -0.000552061 0 0.362417
2393 -0.000552061 0 0.362417
2394 -0.000552061 0 0.362417
2395 -0.00417468 0 0.361656
2396 -0.00417468 0 0.361656
2397 -0.00233479 0 0.362043
2398 -0.00233479 0 0.362043
2399 -0.00233479 0 0.362043
2400 -0.000458132 0 0.362586
2401 -0.000458132 0 0.362436
2402 -0.00116075 0 0.362288
2403 -0.00116075 0 0.362288
2404 -0.00116075 0 0.362288
2405 -0.00201646 0 0.362109
2406 -0.00201646 0 0.362109
2407 0 0 0.362532
2408 0 0 0.362532
2409 0 0 0.362532
2410 -0.00427291 0 0.361635
2411 -0.00427291 0 0.361635
2412 -0.00181719 0 0.362151
2413 -0.00181719 0 0.362151
2414 -0.00181719 0 0.362151
2415 -0.00241901 0 0.362024
2416 -0.00241901 0 0.362024
2417 -0.00287104 0 0.361929
2418 -0.00287104 0 0.361929
2419 -0.00287104 0 0.361929
2420 -0.00317098 0 0.361866
2421 -0.00317098 0 0.361866
2422 -0.000632623 0 0.362399
2423 -0.000632623 0 0.362399
2424 -0.000632623 0 0.362399
2425 -0.00189043 0 0.362135
2426 -0.00189043 0 0.362135
2427 -0.00226022 0 0.362058
2428 -0.00226022 0 0.362058
2429 -0.00226022 0 0.362058
2430 -0.0038196 0 0.36173
2431 -0.0038196 0 0.36173
2432 -0.0038196 0 0.36173
2433 -0.00561534 0 0.361353
2434 -0.00561534 0 0.361353
2435 -0.00397096 0 0.361698
2436 -0.00397096 0 0.361698
2437 -0.00397096 0 0.361698
2438 -0.00302206 0 0.361898
2439 -0.00302206 0 0.361898
2440 -0.0039416 0 0.361704
2441 -0.0039416 0 0.361704
2442 -0.0039416 0 0.361704
2443 -0.00116474 0 0.362288
2444 -0.00116474 0 0.362288
2445 -0.000785873 0 0.362367
2446 -0.000785873 0 0.362367
2447 -0.000785873 0 0.362367
2448 -0.000914156 0 0.36234
2449 -0.000914156 0 0.36234
2450 -0.00229192 0 0.362051
2451 -0.00229192 0 0.362051
2452 -0.00229192 0 0.362051
2453 -0.00256007 0 0.361995
2454 -0.00256007 0 0.361995
2455 -0.00157825 0 0.362201
2456 -0.00157825 0 0.362201
2457 -0.00157825 0 0.362201
2458 -0.00074229 0 0.362376
2459 -0.00074229 0 0.362376
2460 -0.00460229 0 0.361566
2461 -0.00460229 0 0.361566
2462 -0.00460229 0 0.361566
2463 -0.00284191 0 0.361935
2464 -0.00284191 0 0.361935
2465 -0.00500001 0 0.361482
2466 -0.00500001 0 0.361482
2467 -0.00500001 0 0.361482
2468 -0.00107979 0 0.362617
2469 -0.00107979 0 0.362304
2470 -0.000503492 0 0.362425
2471 -0.000503492 0 0.362425
2472 -0.000503492 0 0.362425
2473 -0.0013974 0 0.362237
2474 -0.0013974 0 0.362237
2475 -0.00216802 0 0.362075
2476 -0.00216802 0 0.362075
2477 -0.00216802 0 0.362075
2478 -0.00127708 0 0.362262
2479 -0.00127708 0 0.362262
2480 -0.00127708 0 0.362262
2481 -0.000360982 0 0.362455
2482 -0.000360982 0 0.362455
2483 -0.00398029 0 0.361695
2484 -0.00398029 0 0.361695
2485 -0.00398029 0 0.361695
2486 -0.00125661 0 0.362266
2487 -0.00125661 0 0.362266
2488 -0.00513507 0 0.361452
2489 -0.00513507 0 0.361452
2490 -0.00128276 0 0.362261
2491 -0.00128276 0 0.362261
2492 -0.00128276 0 0.362261
2493 -0.000678748 0 0.362388
2494 -0.000678748 0 0.362388
2495 -0.000678748 0 0.362388
2496 -0.0018237 0 0.362147
2497 -0.0018237 0 0.362147
2498 -0.0021637 0 0.362076
2499 -0.0021637 0 0.362076
2500 -0.0021637 0 0.362076
2501 -0.00480211 0 0.361522
2502 -0.00480211 0 0.361522
2503 -0.00293364 0 0.361914
2504 -0.00293364 0 0.361914
2505 -0.00293364 0 0.361914
2506 -0.000981698 0 0.362324
2507 -0.000981698 0 0.362324
2508 0 0 0.36253
2509 0 0 0.36253
2510 -0.0012696 0 0.362264
2511 -0.0012696 0 0.362264
2512 -0.0012696 0 0.362264
2513 -0.000776864 0 0.362367
2514 -0.000776864 0 0.362367
2515 -0.000981838 0 0.362324
2516 -0.000981838 0 0.362324
2517 -0.00186641 0 0.362138
2518 -0.00186641 0 0.362138
2519 -0.00199019 0 0.362112
2520 -0.00199019 0 0.362112
2521 -0.00199019 0 0.362112
2522 -0.00130231 0 0.362257
2523 -0.00130231 0 0.362257
2524 -0.00130231 0 0.362257
2525 -0.00340236 0 0.361816
2526 -0.00340236 0 0.361816
2527 -0.00285906 0 0.36193
2528 -0.00285906 0 0.36193
2529 -0.00285906 0 0.36193
2530 -0.00244422 0 0.362017
2531 -0.00244422 0 0.362017
2532 -0.00413713 0 0.361662
2533 -0.00413713 0 0.361662
2534 -0.00137398 0 0.362242
2535 -0.00137398 0 0.362242
2536 -0.00137398 0 0.362241
2537 -0.000872771 0 0.362346
2538 -0.000872771 0 0.362346
2539 -0.000759027 0 0.36237
2540 -0.000759027 0 0.36237
2541 -0.000759027 0 0.36237
2542 -0.00199126 0 0.362111
2543 -0.00199126 0 0.362111
2544 -0.00199126 0 0.362111
2545 -0.00222863 0 0.362062
2546 -0.00222863 0 0.362062
2547 -0.00188218 0 0.362134
2548 -0.00188218 0 0.362134
2549 -0.00467683 0 0.361547
2550 -0.00467683 0 0.361547
2551 -0.00467683 0 0.361547
2552 -0.00121246 0 0.362275
2553 -0.00121246 0 0.362275
2554 -0.00317973 0 0.361862
2555 -0.00317973 0 0.361862
2556 -0.00317973 0 0.361862
2557 -0.00141949 0 0.362231
2558 -0.00141949 0 0.362231
2559 -0.00125196 0 0.362267
2560 -0.00125196 0 0.362267
2561 -0.00111831 0 0.362295
2562 -0.00111831 0 0.362295
2563 -0.00111831 0 0.362295
2564 -0.000986879 0 0.362322
2565 -0.000986879 0 0.362322
2566 -0.00196367 0 0.362117
2567 -0.00196367 0 0.362117
2568 -0.0023584 0 0.362034
2569 -0.0023584 0 0.362034
2570 -0.0023584 0 0.362034
2571 -0.00344432 0 0.361806
2572 -0.00344432 0 0.361806
2573 -0.0017454 0 0.362163
2574 -0.0017454 0 0.362163
2575 -0.0017454 0 0.362163
2576 -0.00374403 0 0.361743
2577 -0.00374403 0 0.361743
2578 -0.00139886 0 0.362236
2579 -0.00139886 0 0.362236
2580 -0.00181367 0 0.362149
2581 -0.00181367 0 0.362149
2582 -0.00131115 0 0.362254
2583 -0.00131115 0 0.362254
2584 -0.00131115 0 0.362254
2585 -0.000103303 0 0.362508
2586 -0.000103303 0 0.362508
2587 -0.000103303 0 0.362508
2588 -0.00147957 0 0.362219
2589 -0.00147957 0 0.362219
2590 -0.00101144 0 0.362317
2591 -0.00101144 0 0.362317
2592 -6.39892e-05 0 0.362516
2593 -6.39892e-05 0 0.362516
2594 -6.39892e-05 0 0.362516
2595 -0.00247686 0 0.362009
2596 -0.00247686 0 0.362009
2597 -0.00260272 0 0.361983
2598 -0.00260272 0 0.361983
2599 -0.00241092 0 0.362023
2600 -0.00241092 0 0.362023
2601 -0.00241092 0 0.362023
2602 -0.000830641 0 0.362355
2603 -0.000830641 0 0.362355
2604 -0.000703247 0 0.362382
2605 -0.000703247 0 0.362381
2606 -0.000452081 0 0.362434
2607 -0.000452081 0 0.362434
2608 -0.000452081 0 0.362434
2609 -0.00186477 0 0.362138
2610 -0.0024358 0 0.362018
2611 -0.0024358 0 0.362018
2612 -0.00255901 0 0.361992
2613 -0.00255901 0 0.361992
2614 -0.00255901 0 0.361992
2615 -0.00372223 0 0.361747
2616 -0.00372223 0 0.361747
2617 -0.000445556 0 0.362436
2618 -0.000445556 0 0.362436
2619 -0.000445556 0 0.362436
2620 -0.00265279 0 0.361972
2621 -0.00265279 0 0.361972
2622 -0.0012806 0 0.36226
2623 -0.0012806 0 0.36226
2624 -0.0012806 0 0.36226
2625 -0.00361775 0 0.361769
2626 -0.00361775 0 0.361769
2627 -0.0011748 0 0.362282
2628 -0.0011748 0 0.362282
2629 -0.00100815 0 0.362317
2630 -0.00100815 0 0.362317
2631 -0.00100815 0 0.362317
2632 -0.000882631 0 0.362344
2633 -0.000882631 0 0.362344
2634 -0.00126878 0 0.362263
2635 -0.00126878 0 0.362263
2636 -0.00229712 0 0.362047
2637 -0.00229712 0 0.362047
2638 -0.00229712 0 0.362047
2639 -0.00258167 0 0.361987
2640 -0.00258167 0 0.361987
2641 -0.00244617 0 0.362015
2642 -0.00244617 0 0.362015
2643 -0.00401018 0 0.361687
2644 -0.00401018 0 0.361687
2645 -0.00401018 0 0.361687
2646 -0.0003958 0 0.362446
2647 -0.0003958 0 0.362446
2648 -0.00189748 0 0.362131
2649 -0.00189748 0 0.362131
2650 -0.00189748 0 0.362131
2651 -0.00126384 0 0.362264
2652 -0.00126384 0 0.362264
2653 -0.00127889 0 0.362261
2654 -0.00127889 0 0.362261
2655 -0.000429968 0 0.362439
2656 -0.000429968 0 0.362439
2657 -0.000429968 0 0.362439
2658 -0.00157632 0 0.362198
2659 -0.00157632 0 0.362198
2660 0 0 0.362529
2661 0 0 0.362529
2662 0 0 0.362529
2663 -0.00433661 0 0.361618
2664 -0.00433661 0 0.361618
2665 -0.00433963 0 0.361618
2666 -0.00433963 0 0.361618
2667 -0.00433963 0 0.361618
2668 -0.00268339 0 0.361966
2669 -0.00268339 0 0.361966
2670 -0.00182397 0 0.362146
2671 -0.00182397 0 0.362145
2672 -0.00182397 0 0.362145
2673 -0.0027793 0 0.361944
2674 -0.0027793 0 0.361944
2675 -0.000897216 0 0.36234
2676 -0.000897216 0 0.36234
2677 -0.000500655 0 0.362423
2678 -0.000500655 0 0.362423
2679 -0.000500655 0 0.362423
2680 -0.00179981 0 0.36215
2681 -0.00179981 0 0.36215
2682 -0.00235279 0 0.362034
2683 -0.00235279 0 0.362034
2684 -0.00235279 0 0.362034
2685 -0.0024671 0 0.36201
2686 -0.0024671 0 0.36201
2687 -0.00129739 0 0.362256
2688 -0.00129739 0 0.362256
2689 -0.00393461 0 0.361702
2690 -0.00393461 0 0.361702
2691 -0.00393461 0 0.361702
2692 -0.000552888 0 0.362412
2693 -0.000552888 0 0.362412
2694 -0.00350008 0 0.361793
2695 -0.00350008 0 0.361793
2696 -0.00350008 0 0.361793
2697 -0.00123439 0 0.362269
2698 -0.00123439 0 0.362269
2699 -0.00033976 0 0.362457
2700 -0.00033976 0 0.362457
2701 -0.00161209 0 0.362189
2702 -0.00161209 0 0.362189
2703 -0.00161209 0 0.362189
2704 -0.00140529 0 0.362233
2705 -0.00140529 0 0.362233
2706 -0.000117283 0 0.362503
2707 -0.000117283 0 0.362503
2708 -0.00445316 0 0.361593
2709 -0.00445316 0 0.361593
2710 -0.00445316 0 0.361593
2711 -0.00271173 0 0.361959
2712 -0.00271173 0 0.361959
2713 -0.00390764 0 0.361707
2714 -0.00390764 0 0.361707
2715 -0.00390764 0 0.361707
2716 -0.00129805 0 0.362255
2717 -0.00129805 0 0.362255
2718 -0.00312892 0 0.361871
2719 -0.00312892 0 0.361871
2720 -0.00312892 0 0.361871
2721 -0.000925183 0 0.362334
2722 -0.000925183 0 0.362334
2723 -0.000645204 0 0.362393
2724 -0.000645204 0 0.362393
2725 -0.000645204 0 0.362393
2726 -0.00113137 0 0.36229
2727 -0.00113137 0 0.36229
2728 -0.00234595 0 0.362035
2729 -0.00234595 0 0.362035
2730 -0.00276986 0 0.361946
2731 -0.00276986 0 0.361946
2732 -0.00276986 0 0.361946
2733 -0.000377449 0 0.362449
2734 -0.000377449 0 0.362449
2735 -0.00121029 0 0.362274
2736 -0.00121029 0 0.362274
2737 -0.00312081 0 0.361873
2738 -0.00312081 0 0.361873
2739 -0.00282827 0 0.361934
2740 -0.00282827 0 0.361932
2741 -0.00282827 0 0.361932
2742 -0.000758786 0 0.362367
2743 -0.000758786 0 0.362367
2744 -0.000758786 0 0.362367
2745 -0.000917562 0 0.362334
2746 -0.000917562 0 0.362334
2747 -0.000750418 0 0.362369
2748 -0.000750418 0 0.362369
2749 -0.000750418 0 0.362369
2750 -0.00153199 0 0.362205
2751 -0.00153199 0 0.362205
2752 -0.0014833 0 0.362215
2753 -0.0014833 0 0.362215
2754 -0.0014833 0 0.362215
2755 -0.00246341 0 0.362009
2756 -0.00246341 0 0.362009
2757 0 0 0.362526
2758 0 0 0.362526
2759 -0.00116252 0 0.362282
2760 -0.00116252 0 0.362282
2761 -0.00116252 0 0.362282
2762 -0.00320502 0 0.361853
2763 -0.00320502 0 0.361853
2764 -0.000334348 0 0.362456
2765 -0.000334348 0 0.362456
2766 -0.000812231 0 0.362356
2767 -0.000812231 0 0.362356
2768 -0.000812231 0 0.362356
2769 -0.0009636 0 0.362324
2770 -0.0009636 0 0.362324
2771 -0.00241897 0 0.362018
2772 -0.00241897 0 0.362018
2773 -0.00241897 0 0.362018
2774 -0.000797323 0 0.362359
2775 -0.000797323 0 0.362359
2776 -0.000797323 0 0.362359
2777 -0.00215721 0 0.362073
2778 -0.00215721 0 0.362073
2779 -0.0024601 0 0.36201
2780 -0.0024601 0 0.36201
2781 -0.00203621 0 0.362099
2782 -0.00203621 0 0.362099
2783 -0.00203621 0 0.362099
2784 -0.0036771 0 0.361754
2785 -0.0036771 0 0.361754
2786 -0.00162652 0 0.362185
2787 -0.00162652 0 0.362185
2788 -0.00452042 0 0.361577
2789 -0.00452042 0 0.361577
2790 -0.00452042 0 0.361577
2791 -0.00140131 0 0.362232
2792 -0.00140131 0 0.362232
2793 -0.00341224 0 0.36181
2794 -0.00341224 0 0.36181
2795 -0.00341224 0 0.36181
2796 -0.000237356 0 0.362476
2797 -0.000237356 0 0.362476
2798 -0.0015875 0 0.362193
2799 -0.0015875 0 0.362193
2800 -0.00211783 0 0.362082
2801 -0.00211783 0 0.362082
2802 -0.00211783 0 0.362082
2803 -0.00434874 0 0.361613
2804 -0.00434874 0 0.361613
2805 -0.00424879 0 0.361634
2806 -0.00424879 0 0.361634
2807 -0.00424879 0 0.361634
2808 -0.00226638 0 0.362207
2809 -0.00226638 0 0.362048
2810 -0.00291661 0 0.361912
2811 -0.00291661 0 0.361912
2812 -0.000905962 0 0.362334
2813 -0.000905962 0 0.362334
2814 -0.000905962 0 0.362334
2815 -0.00122231 0 0.362268
2816 -0.00122231 0 0.362268
2817 -0.00122231 0 0.362268
2818 -0.00265951 0 0.361966
2819 -0.00265951 0 0.361966
2820 -0.00113094 0 0.362287
2821 -0.00113094 0 0.362287
2822 -0.00234305 0 0.362032
2823 -0.00234305 0 0.362032
2824 -0.00234305 0 0.362032
2825 -0.00259457 0 0.36198
2826 -0.00259457 0 0.36198
2827 -0.00193888 0 0.362117
2828 -0.00193888 0 0.362117
2829 -0.00193888 0 0.362117
2830 -0.00244791 0 0.36201
2831 -0.00244791 0 0.36201
2832 -0.00314557 0 0.361864
2833 -0.00314557 0 0.361864
2834 -0.00314557 0 0.361864
2835 -0.0030195 0 0.36189
2836 -0.0030195 0 0.36189
2837 -0.00414979 0 0.361653
2838 -0.00414979 0 0.361653
2839 -0.00326787 0 0.361838
2840 -0.00326787 0 0.361838
2841 -0.00326787 0 0.361838
2842 -0.00326787 0 0.361838
2843 -0.0015948 0 0.362189
2844 -0.0015948 0 0.362189
2845 -0.00444828 0 0.36159
2846 -0.00444828 0 0.36159
2847 -0.00444828 0 0.36159
2848 -0.00100803 0 0.362313
2849 -0.00100803 0 0.362313
2850 -0.00100803 0 0.362313
2851 -0.00223715 0 0.362055
2852 -0.00223715 0 0.362055
2853 -0.00264249 0 0.361969
2854 -0.00264249 0 0.361969
2855 -0.00256813 0 0.361985
2856 -0.00256813 0 0.361985
2857 -0.00256813 0 0.361985
2858 -0.00218873 0 0.362065
2859 -0.00218873 0 0.362065
2860 -0.00218873 0 0.362065
2861 -0.00585333 0 0.361295
2862 -0.00585333 0 0.361295
2863 -0.0027634 0 0.361944
2864 -0.0027634 0 0.361944
2865 -0.0027634 0 0.361944
2866 -0.00626239 0 0.361209
2867 -0.00626239 0 0.361209
2868 -0.0015086 0 0.362208
2869 -0.0015086 0 0.362208
2870 -0.0015086 0 0.362208
2871 -0.00124337 0 0.362263
2872 -0.00124337 0 0.362263
2873 -0.00124337 0 0.362263
2874 -0.00145283 0 0.362219
2875 -0.00145283 0 0.362219
2876 -0.000706138 0 0.362435
2877 -0.000706138 0 0.362375
2878 -0.000706138 0 0.362375
2879 -0.0010216 0 0.362309
2880 -0.0010216 0 0.362309
2881 -0.00232877 0 0.362035
2882 -0.00232877 0 0.362035
2883 -0.00232877 0 0.362035
2884 -0.002634 0 0.361971
2885 -0.002634 0 0.361971
2886 -0.002634 0 0.361971
2887 -0.000315973 0 0.362457
2888 -0.000315973 0 0.362457
2889 -0.0044445 0 0.36159
2890 -0.0044445 0 0.36159
2891 -0.0044445 0 0.36159
2892 -0.00312697 0 0.361867
2893 -0.00312697 0 0.361867
2894 -0.00443378 0 0.361593
2895 -0.00443378 0 0.361593
2896 -0.00443378 0 0.361593
2897 -0.00113138 0 0.362286
2898 -0.00113138 0 0.362286
2899 -0.00102982 0 0.362307
2900 -0.00102982 0 0.362307
2901 -0.00102982 0 0.362307
2902 -0.00065107 0 0.362387
2903 -0.00065107 0 0.362387
2904 -0.00065107 0 0.362387
2905 -0.000483408 0 0.362422
2906 -0.000483408 0 0.362422
2907 -0.00207131 0 0.362089
2908 -0.00207131 0 0.362089
2909 -0.00207131 0 0.362089
2910 -0.0026401 0 0.361969
2911 -0.0026401 0 0.361969
2912 0 0 0.362524
2913 0 0 0.362524
2914 0 0 0.362524
2915 -0.00499455 0 0.361475
2916 -0.00499455 0 0.361475
2917 -0.00176705 0 0.362153
2918 -0.00176705 0 0.362153
2919 -0.00176705 0 0.362153
2920 -0.00254865 0 0.361989
2921 -0.00254865 0 0.361989
2922 -0.00338075 0 0.361814
2923 -0.00338075 0 0.361814
2924 -0.00338075 0 0.361814
2925 -0.00106112 0 0.362301
2926 -0.00106112 0 0.362301
2927 -0.00106112 0 0.362301
2928 -0.0010716 0 0.362299
2929 -0.0010716 0 0.362299
2930 -0.0010716 0 0.362299
2931 -0.00151385 0 0.362206
